/*--------------------------------*- C++ -*----------------------------------*\
  =========                 |
  \\      /  F ield         | OpenFOAM: The Open Source CFD Toolbox
   \\    /   O peration     | Website:  https://openfoam.org
    \\  /    A nd           | Version:  8
     \\/     M anipulation  |
\*---------------------------------------------------------------------------*/
FoamFile
{
    version     2.0;
    format      ascii;
    class       vectorField;
    location    "constant/polyMesh";
    object      points;
}
// * * * * * * * * * * * * * * * * * * * * * * * * * * * * * * * * * * * * * //


2541
(
(-5 -0.3535533906 -0.3535533906)
(-4.75 -0.3535533906 -0.3535533906)
(-4.5 -0.3535533906 -0.3535533906)
(-4.25 -0.3535533906 -0.3535533906)
(-4 -0.3535533906 -0.3535533906)
(-3.75 -0.3535533906 -0.3535533906)
(-3.5 -0.3535533906 -0.3535533906)
(-3.25 -0.3535533906 -0.3535533906)
(-3 -0.3535533906 -0.3535533906)
(-2.75 -0.3535533906 -0.3535533906)
(-2.5 -0.3535533906 -0.3535533906)
(-2.25 -0.3535533906 -0.3535533906)
(-2 -0.3535533906 -0.3535533906)
(-1.75 -0.3535533906 -0.3535533906)
(-1.5 -0.3535533906 -0.3535533906)
(-1.25 -0.3535533906 -0.3535533906)
(-1 -0.3535533906 -0.3535533906)
(-0.75 -0.3535533906 -0.3535533906)
(-0.5 -0.3535533906 -0.3535533906)
(-0.25 -0.3535533906 -0.3535533906)
(0 -0.3535533906 -0.3535533906)
(-5 -0.2939402868 -0.4044738654)
(-4.75 -0.2939402868 -0.4044738654)
(-4.5 -0.2939402868 -0.4044738654)
(-4.25 -0.2939402868 -0.4044738654)
(-4 -0.2939402868 -0.4044738654)
(-3.75 -0.2939402868 -0.4044738654)
(-3.5 -0.2939402868 -0.4044738654)
(-3.25 -0.2939402868 -0.4044738654)
(-3 -0.2939402868 -0.4044738654)
(-2.75 -0.2939402868 -0.4044738654)
(-2.5 -0.2939402868 -0.4044738654)
(-2.25 -0.2939402868 -0.4044738654)
(-2 -0.2939402868 -0.4044738654)
(-1.75 -0.2939402868 -0.4044738654)
(-1.5 -0.2939402868 -0.4044738654)
(-1.25 -0.2939402868 -0.4044738654)
(-1 -0.2939402868 -0.4044738654)
(-0.75 -0.2939402868 -0.4044738654)
(-0.5 -0.2939402868 -0.4044738654)
(-0.25 -0.2939402868 -0.4044738654)
(0 -0.2939402868 -0.4044738654)
(-5 -0.2270635969 -0.4454684309)
(-4.75 -0.2270635969 -0.4454684309)
(-4.5 -0.2270635969 -0.4454684309)
(-4.25 -0.2270635969 -0.4454684309)
(-4 -0.2270635969 -0.4454684309)
(-3.75 -0.2270635969 -0.4454684309)
(-3.5 -0.2270635969 -0.4454684309)
(-3.25 -0.2270635969 -0.4454684309)
(-3 -0.2270635969 -0.4454684309)
(-2.75 -0.2270635969 -0.4454684309)
(-2.5 -0.2270635969 -0.4454684309)
(-2.25 -0.2270635969 -0.4454684309)
(-2 -0.2270635969 -0.4454684309)
(-1.75 -0.2270635969 -0.4454684309)
(-1.5 -0.2270635969 -0.4454684309)
(-1.25 -0.2270635969 -0.4454684309)
(-1 -0.2270635969 -0.4454684309)
(-0.75 -0.2270635969 -0.4454684309)
(-0.5 -0.2270635969 -0.4454684309)
(-0.25 -0.2270635969 -0.4454684309)
(0 -0.2270635969 -0.4454684309)
(-5 -0.1545977019 -0.4754992645)
(-4.75 -0.1545977019 -0.4754992645)
(-4.5 -0.1545977019 -0.4754992645)
(-4.25 -0.1545977019 -0.4754992645)
(-4 -0.1545977019 -0.4754992645)
(-3.75 -0.1545977019 -0.4754992645)
(-3.5 -0.1545977019 -0.4754992645)
(-3.25 -0.1545977019 -0.4754992645)
(-3 -0.1545977019 -0.4754992645)
(-2.75 -0.1545977019 -0.4754992645)
(-2.5 -0.1545977019 -0.4754992645)
(-2.25 -0.1545977019 -0.4754992645)
(-2 -0.1545977019 -0.4754992645)
(-1.75 -0.1545977019 -0.4754992645)
(-1.5 -0.1545977019 -0.4754992645)
(-1.25 -0.1545977019 -0.4754992645)
(-1 -0.1545977019 -0.4754992645)
(-0.75 -0.1545977019 -0.4754992645)
(-0.5 -0.1545977019 -0.4754992645)
(-0.25 -0.1545977019 -0.4754992645)
(0 -0.1545977019 -0.4754992645)
(-5 -0.07831487525 -0.4938286953)
(-4.75 -0.07831487525 -0.4938286953)
(-4.5 -0.07831487525 -0.4938286953)
(-4.25 -0.07831487525 -0.4938286953)
(-4 -0.07831487525 -0.4938286953)
(-3.75 -0.07831487525 -0.4938286953)
(-3.5 -0.07831487525 -0.4938286953)
(-3.25 -0.07831487525 -0.4938286953)
(-3 -0.07831487525 -0.4938286953)
(-2.75 -0.07831487525 -0.4938286953)
(-2.5 -0.07831487525 -0.4938286953)
(-2.25 -0.07831487525 -0.4938286953)
(-2 -0.07831487525 -0.4938286953)
(-1.75 -0.07831487525 -0.4938286953)
(-1.5 -0.07831487525 -0.4938286953)
(-1.25 -0.07831487525 -0.4938286953)
(-1 -0.07831487525 -0.4938286953)
(-0.75 -0.07831487525 -0.4938286953)
(-0.5 -0.07831487525 -0.4938286953)
(-0.25 -0.07831487525 -0.4938286953)
(0 -0.07831487525 -0.4938286953)
(-5 0 -0.5)
(-4.75 0 -0.5)
(-4.5 0 -0.5)
(-4.25 0 -0.5)
(-4 0 -0.5)
(-3.75 0 -0.5)
(-3.5 -4.625929269e-18 -0.5)
(-3.25 0 -0.5)
(-3 0 -0.5)
(-2.75 4.625929269e-18 -0.5)
(-2.5 0 -0.5)
(-2.25 0 -0.5)
(-2 0 -0.5)
(-1.75 0 -0.5)
(-1.5 0 -0.5)
(-1.25 0 -0.5)
(-1 0 -0.5)
(-0.75 0 -0.5)
(-0.5 0 -0.5)
(-0.25 -1.156482317e-18 -0.5)
(0 0 -0.5)
(-5 0.07831487525 -0.4938286953)
(-4.75 0.07831487525 -0.4938286953)
(-4.5 0.07831487525 -0.4938286953)
(-4.25 0.07831487525 -0.4938286953)
(-4 0.07831487525 -0.4938286953)
(-3.75 0.07831487525 -0.4938286953)
(-3.5 0.07831487525 -0.4938286953)
(-3.25 0.07831487525 -0.4938286953)
(-3 0.07831487525 -0.4938286953)
(-2.75 0.07831487525 -0.4938286953)
(-2.5 0.07831487525 -0.4938286953)
(-2.25 0.07831487525 -0.4938286953)
(-2 0.07831487525 -0.4938286953)
(-1.75 0.07831487525 -0.4938286953)
(-1.5 0.07831487525 -0.4938286953)
(-1.25 0.07831487525 -0.4938286953)
(-1 0.07831487525 -0.4938286953)
(-0.75 0.07831487525 -0.4938286953)
(-0.5 0.07831487525 -0.4938286953)
(-0.25 0.07831487525 -0.4938286953)
(0 0.07831487525 -0.4938286953)
(-5 0.1545977019 -0.4754992645)
(-4.75 0.1545977019 -0.4754992645)
(-4.5 0.1545977019 -0.4754992645)
(-4.25 0.1545977019 -0.4754992645)
(-4 0.1545977019 -0.4754992645)
(-3.75 0.1545977019 -0.4754992645)
(-3.5 0.1545977019 -0.4754992645)
(-3.25 0.1545977019 -0.4754992645)
(-3 0.1545977019 -0.4754992645)
(-2.75 0.1545977019 -0.4754992645)
(-2.5 0.1545977019 -0.4754992645)
(-2.25 0.1545977019 -0.4754992645)
(-2 0.1545977019 -0.4754992645)
(-1.75 0.1545977019 -0.4754992645)
(-1.5 0.1545977019 -0.4754992645)
(-1.25 0.1545977019 -0.4754992645)
(-1 0.1545977019 -0.4754992645)
(-0.75 0.1545977019 -0.4754992645)
(-0.5 0.1545977019 -0.4754992645)
(-0.25 0.1545977019 -0.4754992645)
(0 0.1545977019 -0.4754992645)
(-5 0.2270635969 -0.4454684309)
(-4.75 0.2270635969 -0.4454684309)
(-4.5 0.2270635969 -0.4454684309)
(-4.25 0.2270635969 -0.4454684309)
(-4 0.2270635969 -0.4454684309)
(-3.75 0.2270635969 -0.4454684309)
(-3.5 0.2270635969 -0.4454684309)
(-3.25 0.2270635969 -0.4454684309)
(-3 0.2270635969 -0.4454684309)
(-2.75 0.2270635969 -0.4454684309)
(-2.5 0.2270635969 -0.4454684309)
(-2.25 0.2270635969 -0.4454684309)
(-2 0.2270635969 -0.4454684309)
(-1.75 0.2270635969 -0.4454684309)
(-1.5 0.2270635969 -0.4454684309)
(-1.25 0.2270635969 -0.4454684309)
(-1 0.2270635969 -0.4454684309)
(-0.75 0.2270635969 -0.4454684309)
(-0.5 0.2270635969 -0.4454684309)
(-0.25 0.2270635969 -0.4454684309)
(0 0.2270635969 -0.4454684309)
(-5 0.2939402868 -0.4044738654)
(-4.75 0.2939402868 -0.4044738654)
(-4.5 0.2939402868 -0.4044738654)
(-4.25 0.2939402868 -0.4044738654)
(-4 0.2939402868 -0.4044738654)
(-3.75 0.2939402868 -0.4044738654)
(-3.5 0.2939402868 -0.4044738654)
(-3.25 0.2939402868 -0.4044738654)
(-3 0.2939402868 -0.4044738654)
(-2.75 0.2939402868 -0.4044738654)
(-2.5 0.2939402868 -0.4044738654)
(-2.25 0.2939402868 -0.4044738654)
(-2 0.2939402868 -0.4044738654)
(-1.75 0.2939402868 -0.4044738654)
(-1.5 0.2939402868 -0.4044738654)
(-1.25 0.2939402868 -0.4044738654)
(-1 0.2939402868 -0.4044738654)
(-0.75 0.2939402868 -0.4044738654)
(-0.5 0.2939402868 -0.4044738654)
(-0.25 0.2939402868 -0.4044738654)
(0 0.2939402868 -0.4044738654)
(-5 0.3535533906 -0.3535533906)
(-4.75 0.3535533906 -0.3535533906)
(-4.5 0.3535533906 -0.3535533906)
(-4.25 0.3535533906 -0.3535533906)
(-4 0.3535533906 -0.3535533906)
(-3.75 0.3535533906 -0.3535533906)
(-3.5 0.3535533906 -0.3535533906)
(-3.25 0.3535533906 -0.3535533906)
(-3 0.3535533906 -0.3535533906)
(-2.75 0.3535533906 -0.3535533906)
(-2.5 0.3535533906 -0.3535533906)
(-2.25 0.3535533906 -0.3535533906)
(-2 0.3535533906 -0.3535533906)
(-1.75 0.3535533906 -0.3535533906)
(-1.5 0.3535533906 -0.3535533906)
(-1.25 0.3535533906 -0.3535533906)
(-1 0.3535533906 -0.3535533906)
(-0.75 0.3535533906 -0.3535533906)
(-0.5 0.3535533906 -0.3535533906)
(-0.25 0.3535533906 -0.3535533906)
(0 0.3535533906 -0.3535533906)
(-5 -0.4044738654 -0.2939402868)
(-4.75 -0.4044738654 -0.2939402868)
(-4.5 -0.4044738654 -0.2939402868)
(-4.25 -0.4044738654 -0.2939402868)
(-4 -0.4044738654 -0.2939402868)
(-3.75 -0.4044738654 -0.2939402868)
(-3.5 -0.4044738654 -0.2939402868)
(-3.25 -0.4044738654 -0.2939402868)
(-3 -0.4044738654 -0.2939402868)
(-2.75 -0.4044738654 -0.2939402868)
(-2.5 -0.4044738654 -0.2939402868)
(-2.25 -0.4044738654 -0.2939402868)
(-2 -0.4044738654 -0.2939402868)
(-1.75 -0.4044738654 -0.2939402868)
(-1.5 -0.4044738654 -0.2939402868)
(-1.25 -0.4044738654 -0.2939402868)
(-1 -0.4044738654 -0.2939402868)
(-0.75 -0.4044738654 -0.2939402868)
(-0.5 -0.4044738654 -0.2939402868)
(-0.25 -0.4044738654 -0.2939402868)
(0 -0.4044738654 -0.2939402868)
(-5 -0.3346766667 -0.3346766667)
(-4.75 -0.3346766667 -0.3346766667)
(-4.5 -0.3346766667 -0.3346766667)
(-4.25 -0.3346766667 -0.3346766667)
(-4 -0.3346766667 -0.3346766667)
(-3.75 -0.3346766667 -0.3346766667)
(-3.5 -0.3346766667 -0.3346766667)
(-3.25 -0.3346766667 -0.3346766667)
(-3 -0.3346766667 -0.3346766667)
(-2.75 -0.3346766667 -0.3346766667)
(-2.5 -0.3346766667 -0.3346766667)
(-2.25 -0.3346766667 -0.3346766667)
(-2 -0.3346766667 -0.3346766667)
(-1.75 -0.3346766667 -0.3346766667)
(-1.5 -0.3346766667 -0.3346766667)
(-1.25 -0.3346766667 -0.3346766667)
(-1 -0.3346766667 -0.3346766667)
(-0.75 -0.3346766667 -0.3346766667)
(-0.5 -0.3346766667 -0.3346766667)
(-0.25 -0.3346766667 -0.3346766667)
(0 -0.3346766667 -0.3346766667)
(-5 -0.2576158818 -0.3674723191)
(-4.75 -0.2576158818 -0.3674723191)
(-4.5 -0.2576158818 -0.3674723191)
(-4.25 -0.2576158818 -0.3674723191)
(-4 -0.2576158818 -0.3674723191)
(-3.75 -0.2576158818 -0.3674723191)
(-3.5 -0.2576158818 -0.3674723191)
(-3.25 -0.2576158818 -0.3674723191)
(-3 -0.2576158818 -0.3674723191)
(-2.75 -0.2576158818 -0.3674723191)
(-2.5 -0.2576158818 -0.3674723191)
(-2.25 -0.2576158818 -0.3674723191)
(-2 -0.2576158818 -0.3674723191)
(-1.75 -0.2576158818 -0.3674723191)
(-1.5 -0.2576158818 -0.3674723191)
(-1.25 -0.2576158818 -0.3674723191)
(-1 -0.2576158818 -0.3674723191)
(-0.75 -0.2576158818 -0.3674723191)
(-0.5 -0.2576158818 -0.3674723191)
(-0.25 -0.2576158818 -0.3674723191)
(0 -0.2576158818 -0.3674723191)
(-5 -0.1749658918 -0.391496986)
(-4.75 -0.1749658918 -0.391496986)
(-4.5 -0.1749658918 -0.391496986)
(-4.25 -0.1749658918 -0.391496986)
(-4 -0.1749658918 -0.391496986)
(-3.75 -0.1749658918 -0.391496986)
(-3.5 -0.1749658918 -0.391496986)
(-3.25 -0.1749658918 -0.391496986)
(-3 -0.1749658918 -0.391496986)
(-2.75 -0.1749658918 -0.391496986)
(-2.5 -0.1749658918 -0.391496986)
(-2.25 -0.1749658918 -0.391496986)
(-2 -0.1749658918 -0.391496986)
(-1.75 -0.1749658918 -0.391496986)
(-1.5 -0.1749658918 -0.391496986)
(-1.25 -0.1749658918 -0.391496986)
(-1 -0.1749658918 -0.391496986)
(-0.75 -0.1749658918 -0.391496986)
(-0.5 -0.1749658918 -0.391496986)
(-0.25 -0.1749658918 -0.391496986)
(0 -0.1749658918 -0.391496986)
(-5 -0.08849897021 -0.4061605306)
(-4.75 -0.08849897021 -0.4061605306)
(-4.5 -0.08849897021 -0.4061605306)
(-4.25 -0.08849897021 -0.4061605306)
(-4 -0.08849897021 -0.4061605306)
(-3.75 -0.08849897021 -0.4061605306)
(-3.5 -0.08849897021 -0.4061605306)
(-3.25 -0.08849897021 -0.4061605306)
(-3 -0.08849897021 -0.4061605306)
(-2.75 -0.08849897021 -0.4061605306)
(-2.5 -0.08849897021 -0.4061605306)
(-2.25 -0.08849897021 -0.4061605306)
(-2 -0.08849897021 -0.4061605306)
(-1.75 -0.08849897021 -0.4061605306)
(-1.5 -0.08849897021 -0.4061605306)
(-1.25 -0.08849897021 -0.4061605306)
(-1 -0.08849897021 -0.4061605306)
(-0.75 -0.08849897021 -0.4061605306)
(-0.5 -0.08849897021 -0.4061605306)
(-0.25 -0.08849897021 -0.4061605306)
(0 -0.08849897021 -0.4061605306)
(-5 0 -0.4110975743)
(-4.75 0 -0.4110975743)
(-4.5 -3.053113318e-17 -0.4110975743)
(-4.25 -2.775557562e-17 -0.4110975743)
(-4 -5.551115123e-17 -0.4110975743)
(-3.75 0 -0.4110975743)
(-3.5 0 -0.4110975743)
(-3.25 -3.469446952e-18 -0.4110975743)
(-3 4.625929269e-17 -0.4110975743)
(-2.75 3.13406708e-17 -0.4110975743)
(-2.5 0 -0.4110975743)
(-2.25 5.551115123e-17 -0.4110975743)
(-2 1.734723476e-18 -0.4110975743)
(-1.75 4.625929269e-18 -0.4110975743)
(-1.5 -2.602085214e-18 -0.4110975743)
(-1.25 0 -0.4110975743)
(-1 -8.67361738e-19 -0.4110975743)
(-0.75 2.818925648e-17 -0.4110975743)
(-0.5 -4.33680869e-19 -0.4110975743)
(-0.25 -7.228014483e-20 -0.4110975743)
(0 0 -0.4110975743)
(-5 0.08849897021 -0.4061605306)
(-4.75 0.08849897021 -0.4061605306)
(-4.5 0.08849897021 -0.4061605306)
(-4.25 0.08849897021 -0.4061605306)
(-4 0.08849897021 -0.4061605306)
(-3.75 0.08849897021 -0.4061605306)
(-3.5 0.08849897021 -0.4061605306)
(-3.25 0.08849897021 -0.4061605306)
(-3 0.08849897021 -0.4061605306)
(-2.75 0.08849897021 -0.4061605306)
(-2.5 0.08849897021 -0.4061605306)
(-2.25 0.08849897021 -0.4061605306)
(-2 0.08849897021 -0.4061605306)
(-1.75 0.08849897021 -0.4061605306)
(-1.5 0.08849897021 -0.4061605306)
(-1.25 0.08849897021 -0.4061605306)
(-1 0.08849897021 -0.4061605306)
(-0.75 0.08849897021 -0.4061605306)
(-0.5 0.08849897021 -0.4061605306)
(-0.25 0.08849897021 -0.4061605306)
(0 0.08849897021 -0.4061605306)
(-5 0.1749658918 -0.391496986)
(-4.75 0.1749658918 -0.391496986)
(-4.5 0.1749658918 -0.391496986)
(-4.25 0.1749658918 -0.391496986)
(-4 0.1749658918 -0.391496986)
(-3.75 0.1749658918 -0.391496986)
(-3.5 0.1749658918 -0.391496986)
(-3.25 0.1749658918 -0.391496986)
(-3 0.1749658918 -0.391496986)
(-2.75 0.1749658918 -0.391496986)
(-2.5 0.1749658918 -0.391496986)
(-2.25 0.1749658918 -0.391496986)
(-2 0.1749658918 -0.391496986)
(-1.75 0.1749658918 -0.391496986)
(-1.5 0.1749658918 -0.391496986)
(-1.25 0.1749658918 -0.391496986)
(-1 0.1749658918 -0.391496986)
(-0.75 0.1749658918 -0.391496986)
(-0.5 0.1749658918 -0.391496986)
(-0.25 0.1749658918 -0.391496986)
(0 0.1749658918 -0.391496986)
(-5 0.2576158818 -0.3674723191)
(-4.75 0.2576158818 -0.3674723191)
(-4.5 0.2576158818 -0.3674723191)
(-4.25 0.2576158818 -0.3674723191)
(-4 0.2576158818 -0.3674723191)
(-3.75 0.2576158818 -0.3674723191)
(-3.5 0.2576158818 -0.3674723191)
(-3.25 0.2576158818 -0.3674723191)
(-3 0.2576158818 -0.3674723191)
(-2.75 0.2576158818 -0.3674723191)
(-2.5 0.2576158818 -0.3674723191)
(-2.25 0.2576158818 -0.3674723191)
(-2 0.2576158818 -0.3674723191)
(-1.75 0.2576158818 -0.3674723191)
(-1.5 0.2576158818 -0.3674723191)
(-1.25 0.2576158818 -0.3674723191)
(-1 0.2576158818 -0.3674723191)
(-0.75 0.2576158818 -0.3674723191)
(-0.5 0.2576158818 -0.3674723191)
(-0.25 0.2576158818 -0.3674723191)
(0 0.2576158818 -0.3674723191)
(-5 0.3346766667 -0.3346766667)
(-4.75 0.3346766667 -0.3346766667)
(-4.5 0.3346766667 -0.3346766667)
(-4.25 0.3346766667 -0.3346766667)
(-4 0.3346766667 -0.3346766667)
(-3.75 0.3346766667 -0.3346766667)
(-3.5 0.3346766667 -0.3346766667)
(-3.25 0.3346766667 -0.3346766667)
(-3 0.3346766667 -0.3346766667)
(-2.75 0.3346766667 -0.3346766667)
(-2.5 0.3346766667 -0.3346766667)
(-2.25 0.3346766667 -0.3346766667)
(-2 0.3346766667 -0.3346766667)
(-1.75 0.3346766667 -0.3346766667)
(-1.5 0.3346766667 -0.3346766667)
(-1.25 0.3346766667 -0.3346766667)
(-1 0.3346766667 -0.3346766667)
(-0.75 0.3346766667 -0.3346766667)
(-0.5 0.3346766667 -0.3346766667)
(-0.25 0.3346766667 -0.3346766667)
(0 0.3346766667 -0.3346766667)
(-5 0.4044738654 -0.2939402868)
(-4.75 0.4044738654 -0.2939402868)
(-4.5 0.4044738654 -0.2939402868)
(-4.25 0.4044738654 -0.2939402868)
(-4 0.4044738654 -0.2939402868)
(-3.75 0.4044738654 -0.2939402868)
(-3.5 0.4044738654 -0.2939402868)
(-3.25 0.4044738654 -0.2939402868)
(-3 0.4044738654 -0.2939402868)
(-2.75 0.4044738654 -0.2939402868)
(-2.5 0.4044738654 -0.2939402868)
(-2.25 0.4044738654 -0.2939402868)
(-2 0.4044738654 -0.2939402868)
(-1.75 0.4044738654 -0.2939402868)
(-1.5 0.4044738654 -0.2939402868)
(-1.25 0.4044738654 -0.2939402868)
(-1 0.4044738654 -0.2939402868)
(-0.75 0.4044738654 -0.2939402868)
(-0.5 0.4044738654 -0.2939402868)
(-0.25 0.4044738654 -0.2939402868)
(0 0.4044738654 -0.2939402868)
(-5 -0.4454684309 -0.2270635969)
(-4.75 -0.4454684309 -0.2270635969)
(-4.5 -0.4454684309 -0.2270635969)
(-4.25 -0.4454684309 -0.2270635969)
(-4 -0.4454684309 -0.2270635969)
(-3.75 -0.4454684309 -0.2270635969)
(-3.5 -0.4454684309 -0.2270635969)
(-3.25 -0.4454684309 -0.2270635969)
(-3 -0.4454684309 -0.2270635969)
(-2.75 -0.4454684309 -0.2270635969)
(-2.5 -0.4454684309 -0.2270635969)
(-2.25 -0.4454684309 -0.2270635969)
(-2 -0.4454684309 -0.2270635969)
(-1.75 -0.4454684309 -0.2270635969)
(-1.5 -0.4454684309 -0.2270635969)
(-1.25 -0.4454684309 -0.2270635969)
(-1 -0.4454684309 -0.2270635969)
(-0.75 -0.4454684309 -0.2270635969)
(-0.5 -0.4454684309 -0.2270635969)
(-0.25 -0.4454684309 -0.2270635969)
(0 -0.4454684309 -0.2270635969)
(-5 -0.3674723191 -0.2576158818)
(-4.75 -0.3674723191 -0.2576158818)
(-4.5 -0.3674723191 -0.2576158818)
(-4.25 -0.3674723191 -0.2576158818)
(-4 -0.3674723191 -0.2576158818)
(-3.75 -0.3674723191 -0.2576158818)
(-3.5 -0.3674723191 -0.2576158818)
(-3.25 -0.3674723191 -0.2576158818)
(-3 -0.3674723191 -0.2576158818)
(-2.75 -0.3674723191 -0.2576158818)
(-2.5 -0.3674723191 -0.2576158818)
(-2.25 -0.3674723191 -0.2576158818)
(-2 -0.3674723191 -0.2576158818)
(-1.75 -0.3674723191 -0.2576158818)
(-1.5 -0.3674723191 -0.2576158818)
(-1.25 -0.3674723191 -0.2576158818)
(-1 -0.3674723191 -0.2576158818)
(-0.75 -0.3674723191 -0.2576158818)
(-0.5 -0.3674723191 -0.2576158818)
(-0.25 -0.3674723191 -0.2576158818)
(0 -0.3674723191 -0.2576158818)
(-5 -0.2822126211 -0.2822126211)
(-4.75 -0.2822126211 -0.2822126211)
(-4.5 -0.2822126211 -0.2822126211)
(-4.25 -0.2822126211 -0.2822126211)
(-4 -0.2822126211 -0.2822126211)
(-3.75 -0.2822126211 -0.2822126211)
(-3.5 -0.2822126211 -0.2822126211)
(-3.25 -0.2822126211 -0.2822126211)
(-3 -0.2822126211 -0.2822126211)
(-2.75 -0.2822126211 -0.2822126211)
(-2.5 -0.2822126211 -0.2822126211)
(-2.25 -0.2822126211 -0.2822126211)
(-2 -0.2822126211 -0.2822126211)
(-1.75 -0.2822126211 -0.2822126211)
(-1.5 -0.2822126211 -0.2822126211)
(-1.25 -0.2822126211 -0.2822126211)
(-1 -0.2822126211 -0.2822126211)
(-0.75 -0.2822126211 -0.2822126211)
(-0.5 -0.2822126211 -0.2822126211)
(-0.25 -0.2822126211 -0.2822126211)
(0 -0.2822126211 -0.2822126211)
(-5 -0.191363718 -0.3002311213)
(-4.75 -0.191363718 -0.3002311213)
(-4.5 -0.191363718 -0.3002311213)
(-4.25 -0.191363718 -0.3002311213)
(-4 -0.191363718 -0.3002311213)
(-3.75 -0.191363718 -0.3002311213)
(-3.5 -0.191363718 -0.3002311213)
(-3.25 -0.191363718 -0.3002311213)
(-3 -0.191363718 -0.3002311213)
(-2.75 -0.191363718 -0.3002311213)
(-2.5 -0.191363718 -0.3002311213)
(-2.25 -0.191363718 -0.3002311213)
(-2 -0.191363718 -0.3002311213)
(-1.75 -0.191363718 -0.3002311213)
(-1.5 -0.191363718 -0.3002311213)
(-1.25 -0.191363718 -0.3002311213)
(-1 -0.191363718 -0.3002311213)
(-0.75 -0.191363718 -0.3002311213)
(-0.5 -0.191363718 -0.3002311213)
(-0.25 -0.191363718 -0.3002311213)
(0 -0.191363718 -0.3002311213)
(-5 -0.09669788332 -0.3112287797)
(-4.75 -0.09669788332 -0.3112287797)
(-4.5 -0.09669788332 -0.3112287797)
(-4.25 -0.09669788332 -0.3112287797)
(-4 -0.09669788332 -0.3112287797)
(-3.75 -0.09669788332 -0.3112287797)
(-3.5 -0.09669788332 -0.3112287797)
(-3.25 -0.09669788332 -0.3112287797)
(-3 -0.09669788332 -0.3112287797)
(-2.75 -0.09669788332 -0.3112287797)
(-2.5 -0.09669788332 -0.3112287797)
(-2.25 -0.09669788332 -0.3112287797)
(-2 -0.09669788332 -0.3112287797)
(-1.75 -0.09669788332 -0.3112287797)
(-1.5 -0.09669788332 -0.3112287797)
(-1.25 -0.09669788332 -0.3112287797)
(-1 -0.09669788332 -0.3112287797)
(-0.75 -0.09669788332 -0.3112287797)
(-0.5 -0.09669788332 -0.3112287797)
(-0.25 -0.09669788332 -0.3112287797)
(0 -0.09669788332 -0.3112287797)
(-5 -2.775557562e-17 -0.3149315625)
(-4.75 2.544261098e-17 -0.3149315625)
(-4.5 -1.249000903e-17 -0.3149315625)
(-4.25 3.700743415e-17 -0.3149315625)
(-4 -9.251858539e-18 -0.3149315625)
(-3.75 1.850371708e-17 -0.3149315625)
(-3.5 3.700743415e-17 -0.3149315625)
(-3.25 3.469446952e-17 -0.3149315625)
(-3 -9.251858539e-18 -0.3149315625)
(-2.75 1.179611964e-17 -0.3149315625)
(-2.5 -1.387778781e-17 -0.3149315625)
(-2.25 -1.387778781e-17 -0.3149315625)
(-2 -2.312964635e-17 -0.3149315625)
(-1.75 -6.938893904e-18 -0.3149315625)
(-1.5 -1.040834086e-17 -0.3149315625)
(-1.25 -6.938893904e-18 -0.3149315625)
(-1 -3.469446952e-18 -0.3149315625)
(-0.75 -2.949029909e-17 -0.3149315625)
(-0.5 -5.204170428e-18 -0.3149315625)
(-0.25 -4.625929269e-18 -0.3149315625)
(0 0 -0.3149315625)
(-5 0.09669788332 -0.3112287797)
(-4.75 0.09669788332 -0.3112287797)
(-4.5 0.09669788332 -0.3112287797)
(-4.25 0.09669788332 -0.3112287797)
(-4 0.09669788332 -0.3112287797)
(-3.75 0.09669788332 -0.3112287797)
(-3.5 0.09669788332 -0.3112287797)
(-3.25 0.09669788332 -0.3112287797)
(-3 0.09669788332 -0.3112287797)
(-2.75 0.09669788332 -0.3112287797)
(-2.5 0.09669788332 -0.3112287797)
(-2.25 0.09669788332 -0.3112287797)
(-2 0.09669788332 -0.3112287797)
(-1.75 0.09669788332 -0.3112287797)
(-1.5 0.09669788332 -0.3112287797)
(-1.25 0.09669788332 -0.3112287797)
(-1 0.09669788332 -0.3112287797)
(-0.75 0.09669788332 -0.3112287797)
(-0.5 0.09669788332 -0.3112287797)
(-0.25 0.09669788332 -0.3112287797)
(0 0.09669788332 -0.3112287797)
(-5 0.191363718 -0.3002311213)
(-4.75 0.191363718 -0.3002311213)
(-4.5 0.191363718 -0.3002311213)
(-4.25 0.191363718 -0.3002311213)
(-4 0.191363718 -0.3002311213)
(-3.75 0.191363718 -0.3002311213)
(-3.5 0.191363718 -0.3002311213)
(-3.25 0.191363718 -0.3002311213)
(-3 0.191363718 -0.3002311213)
(-2.75 0.191363718 -0.3002311213)
(-2.5 0.191363718 -0.3002311213)
(-2.25 0.191363718 -0.3002311213)
(-2 0.191363718 -0.3002311213)
(-1.75 0.191363718 -0.3002311213)
(-1.5 0.191363718 -0.3002311213)
(-1.25 0.191363718 -0.3002311213)
(-1 0.191363718 -0.3002311213)
(-0.75 0.191363718 -0.3002311213)
(-0.5 0.191363718 -0.3002311213)
(-0.25 0.191363718 -0.3002311213)
(0 0.191363718 -0.3002311213)
(-5 0.2822126211 -0.2822126211)
(-4.75 0.2822126211 -0.2822126211)
(-4.5 0.2822126211 -0.2822126211)
(-4.25 0.2822126211 -0.2822126211)
(-4 0.2822126211 -0.2822126211)
(-3.75 0.2822126211 -0.2822126211)
(-3.5 0.2822126211 -0.2822126211)
(-3.25 0.2822126211 -0.2822126211)
(-3 0.2822126211 -0.2822126211)
(-2.75 0.2822126211 -0.2822126211)
(-2.5 0.2822126211 -0.2822126211)
(-2.25 0.2822126211 -0.2822126211)
(-2 0.2822126211 -0.2822126211)
(-1.75 0.2822126211 -0.2822126211)
(-1.5 0.2822126211 -0.2822126211)
(-1.25 0.2822126211 -0.2822126211)
(-1 0.2822126211 -0.2822126211)
(-0.75 0.2822126211 -0.2822126211)
(-0.5 0.2822126211 -0.2822126211)
(-0.25 0.2822126211 -0.2822126211)
(0 0.2822126211 -0.2822126211)
(-5 0.3674723191 -0.2576158818)
(-4.75 0.3674723191 -0.2576158818)
(-4.5 0.3674723191 -0.2576158818)
(-4.25 0.3674723191 -0.2576158818)
(-4 0.3674723191 -0.2576158818)
(-3.75 0.3674723191 -0.2576158818)
(-3.5 0.3674723191 -0.2576158818)
(-3.25 0.3674723191 -0.2576158818)
(-3 0.3674723191 -0.2576158818)
(-2.75 0.3674723191 -0.2576158818)
(-2.5 0.3674723191 -0.2576158818)
(-2.25 0.3674723191 -0.2576158818)
(-2 0.3674723191 -0.2576158818)
(-1.75 0.3674723191 -0.2576158818)
(-1.5 0.3674723191 -0.2576158818)
(-1.25 0.3674723191 -0.2576158818)
(-1 0.3674723191 -0.2576158818)
(-0.75 0.3674723191 -0.2576158818)
(-0.5 0.3674723191 -0.2576158818)
(-0.25 0.3674723191 -0.2576158818)
(0 0.3674723191 -0.2576158818)
(-5 0.4454684309 -0.2270635969)
(-4.75 0.4454684309 -0.2270635969)
(-4.5 0.4454684309 -0.2270635969)
(-4.25 0.4454684309 -0.2270635969)
(-4 0.4454684309 -0.2270635969)
(-3.75 0.4454684309 -0.2270635969)
(-3.5 0.4454684309 -0.2270635969)
(-3.25 0.4454684309 -0.2270635969)
(-3 0.4454684309 -0.2270635969)
(-2.75 0.4454684309 -0.2270635969)
(-2.5 0.4454684309 -0.2270635969)
(-2.25 0.4454684309 -0.2270635969)
(-2 0.4454684309 -0.2270635969)
(-1.75 0.4454684309 -0.2270635969)
(-1.5 0.4454684309 -0.2270635969)
(-1.25 0.4454684309 -0.2270635969)
(-1 0.4454684309 -0.2270635969)
(-0.75 0.4454684309 -0.2270635969)
(-0.5 0.4454684309 -0.2270635969)
(-0.25 0.4454684309 -0.2270635969)
(0 0.4454684309 -0.2270635969)
(-5 -0.4754992645 -0.1545977019)
(-4.75 -0.4754992645 -0.1545977019)
(-4.5 -0.4754992645 -0.1545977019)
(-4.25 -0.4754992645 -0.1545977019)
(-4 -0.4754992645 -0.1545977019)
(-3.75 -0.4754992645 -0.1545977019)
(-3.5 -0.4754992645 -0.1545977019)
(-3.25 -0.4754992645 -0.1545977019)
(-3 -0.4754992645 -0.1545977019)
(-2.75 -0.4754992645 -0.1545977019)
(-2.5 -0.4754992645 -0.1545977019)
(-2.25 -0.4754992645 -0.1545977019)
(-2 -0.4754992645 -0.1545977019)
(-1.75 -0.4754992645 -0.1545977019)
(-1.5 -0.4754992645 -0.1545977019)
(-1.25 -0.4754992645 -0.1545977019)
(-1 -0.4754992645 -0.1545977019)
(-0.75 -0.4754992645 -0.1545977019)
(-0.5 -0.4754992645 -0.1545977019)
(-0.25 -0.4754992645 -0.1545977019)
(0 -0.4754992645 -0.1545977019)
(-5 -0.391496986 -0.1749658918)
(-4.75 -0.391496986 -0.1749658918)
(-4.5 -0.391496986 -0.1749658918)
(-4.25 -0.391496986 -0.1749658918)
(-4 -0.391496986 -0.1749658918)
(-3.75 -0.391496986 -0.1749658918)
(-3.5 -0.391496986 -0.1749658918)
(-3.25 -0.391496986 -0.1749658918)
(-3 -0.391496986 -0.1749658918)
(-2.75 -0.391496986 -0.1749658918)
(-2.5 -0.391496986 -0.1749658918)
(-2.25 -0.391496986 -0.1749658918)
(-2 -0.391496986 -0.1749658918)
(-1.75 -0.391496986 -0.1749658918)
(-1.5 -0.391496986 -0.1749658918)
(-1.25 -0.391496986 -0.1749658918)
(-1 -0.391496986 -0.1749658918)
(-0.75 -0.391496986 -0.1749658918)
(-0.5 -0.391496986 -0.1749658918)
(-0.25 -0.391496986 -0.1749658918)
(0 -0.391496986 -0.1749658918)
(-5 -0.3002311213 -0.191363718)
(-4.75 -0.3002311213 -0.191363718)
(-4.5 -0.3002311213 -0.191363718)
(-4.25 -0.3002311213 -0.191363718)
(-4 -0.3002311213 -0.191363718)
(-3.75 -0.3002311213 -0.191363718)
(-3.5 -0.3002311213 -0.191363718)
(-3.25 -0.3002311213 -0.191363718)
(-3 -0.3002311213 -0.191363718)
(-2.75 -0.3002311213 -0.191363718)
(-2.5 -0.3002311213 -0.191363718)
(-2.25 -0.3002311213 -0.191363718)
(-2 -0.3002311213 -0.191363718)
(-1.75 -0.3002311213 -0.191363718)
(-1.5 -0.3002311213 -0.191363718)
(-1.25 -0.3002311213 -0.191363718)
(-1 -0.3002311213 -0.191363718)
(-0.75 -0.3002311213 -0.191363718)
(-0.5 -0.3002311213 -0.191363718)
(-0.25 -0.3002311213 -0.191363718)
(0 -0.3002311213 -0.191363718)
(-5 -0.2033760515 -0.2033760515)
(-4.75 -0.2033760515 -0.2033760515)
(-4.5 -0.2033760515 -0.2033760515)
(-4.25 -0.2033760515 -0.2033760515)
(-4 -0.2033760515 -0.2033760515)
(-3.75 -0.2033760515 -0.2033760515)
(-3.5 -0.2033760515 -0.2033760515)
(-3.25 -0.2033760515 -0.2033760515)
(-3 -0.2033760515 -0.2033760515)
(-2.75 -0.2033760515 -0.2033760515)
(-2.5 -0.2033760515 -0.2033760515)
(-2.25 -0.2033760515 -0.2033760515)
(-2 -0.2033760515 -0.2033760515)
(-1.75 -0.2033760515 -0.2033760515)
(-1.5 -0.2033760515 -0.2033760515)
(-1.25 -0.2033760515 -0.2033760515)
(-1 -0.2033760515 -0.2033760515)
(-0.75 -0.2033760515 -0.2033760515)
(-0.5 -0.2033760515 -0.2033760515)
(-0.25 -0.2033760515 -0.2033760515)
(0 -0.2033760515 -0.2033760515)
(-5 -0.10270405 -0.2107078238)
(-4.75 -0.10270405 -0.2107078238)
(-4.5 -0.10270405 -0.2107078238)
(-4.25 -0.10270405 -0.2107078238)
(-4 -0.10270405 -0.2107078238)
(-3.75 -0.10270405 -0.2107078238)
(-3.5 -0.10270405 -0.2107078238)
(-3.25 -0.10270405 -0.2107078238)
(-3 -0.10270405 -0.2107078238)
(-2.75 -0.10270405 -0.2107078238)
(-2.5 -0.10270405 -0.2107078238)
(-2.25 -0.10270405 -0.2107078238)
(-2 -0.10270405 -0.2107078238)
(-1.75 -0.10270405 -0.2107078238)
(-1.5 -0.10270405 -0.2107078238)
(-1.25 -0.10270405 -0.2107078238)
(-1 -0.10270405 -0.2107078238)
(-0.75 -0.10270405 -0.2107078238)
(-0.5 -0.10270405 -0.2107078238)
(-0.25 -0.10270405 -0.2107078238)
(0 -0.10270405 -0.2107078238)
(-5 0 -0.2131763457)
(-4.75 9.251858539e-18 -0.2131763457)
(-4.5 9.806970051e-17 -0.2131763457)
(-4.25 2.775557562e-17 -0.2131763457)
(-4 8.095376221e-17 -0.2131763457)
(-3.75 7.170190367e-17 -0.2131763457)
(-3.5 5.31981866e-17 -0.2131763457)
(-3.25 8.095376221e-17 -0.2131763457)
(-3 4.625929269e-18 -0.2131763457)
(-2.75 8.650487734e-17 -0.2131763457)
(-2.5 0 -0.2131763457)
(-2.25 5.551115123e-17 -0.2131763457)
(-2 6.823245672e-17 -0.2131763457)
(-1.75 6.129356282e-17 -0.2131763457)
(-1.5 5.551115123e-17 -0.2131763457)
(-1.25 6.129356282e-17 -0.2131763457)
(-1 5.782411587e-17 -0.2131763457)
(-0.75 -3.122502257e-17 -0.2131763457)
(-0.5 2.602085214e-18 -0.2131763457)
(-0.25 1.445602897e-19 -0.2131763457)
(0 0 -0.2131763457)
(-5 0.10270405 -0.2107078238)
(-4.75 0.10270405 -0.2107078238)
(-4.5 0.10270405 -0.2107078238)
(-4.25 0.10270405 -0.2107078238)
(-4 0.10270405 -0.2107078238)
(-3.75 0.10270405 -0.2107078238)
(-3.5 0.10270405 -0.2107078238)
(-3.25 0.10270405 -0.2107078238)
(-3 0.10270405 -0.2107078238)
(-2.75 0.10270405 -0.2107078238)
(-2.5 0.10270405 -0.2107078238)
(-2.25 0.10270405 -0.2107078238)
(-2 0.10270405 -0.2107078238)
(-1.75 0.10270405 -0.2107078238)
(-1.5 0.10270405 -0.2107078238)
(-1.25 0.10270405 -0.2107078238)
(-1 0.10270405 -0.2107078238)
(-0.75 0.10270405 -0.2107078238)
(-0.5 0.10270405 -0.2107078238)
(-0.25 0.10270405 -0.2107078238)
(0 0.10270405 -0.2107078238)
(-5 0.2033760515 -0.2033760515)
(-4.75 0.2033760515 -0.2033760515)
(-4.5 0.2033760515 -0.2033760515)
(-4.25 0.2033760515 -0.2033760515)
(-4 0.2033760515 -0.2033760515)
(-3.75 0.2033760515 -0.2033760515)
(-3.5 0.2033760515 -0.2033760515)
(-3.25 0.2033760515 -0.2033760515)
(-3 0.2033760515 -0.2033760515)
(-2.75 0.2033760515 -0.2033760515)
(-2.5 0.2033760515 -0.2033760515)
(-2.25 0.2033760515 -0.2033760515)
(-2 0.2033760515 -0.2033760515)
(-1.75 0.2033760515 -0.2033760515)
(-1.5 0.2033760515 -0.2033760515)
(-1.25 0.2033760515 -0.2033760515)
(-1 0.2033760515 -0.2033760515)
(-0.75 0.2033760515 -0.2033760515)
(-0.5 0.2033760515 -0.2033760515)
(-0.25 0.2033760515 -0.2033760515)
(0 0.2033760515 -0.2033760515)
(-5 0.3002311213 -0.191363718)
(-4.75 0.3002311213 -0.191363718)
(-4.5 0.3002311213 -0.191363718)
(-4.25 0.3002311213 -0.191363718)
(-4 0.3002311213 -0.191363718)
(-3.75 0.3002311213 -0.191363718)
(-3.5 0.3002311213 -0.191363718)
(-3.25 0.3002311213 -0.191363718)
(-3 0.3002311213 -0.191363718)
(-2.75 0.3002311213 -0.191363718)
(-2.5 0.3002311213 -0.191363718)
(-2.25 0.3002311213 -0.191363718)
(-2 0.3002311213 -0.191363718)
(-1.75 0.3002311213 -0.191363718)
(-1.5 0.3002311213 -0.191363718)
(-1.25 0.3002311213 -0.191363718)
(-1 0.3002311213 -0.191363718)
(-0.75 0.3002311213 -0.191363718)
(-0.5 0.3002311213 -0.191363718)
(-0.25 0.3002311213 -0.191363718)
(0 0.3002311213 -0.191363718)
(-5 0.391496986 -0.1749658918)
(-4.75 0.391496986 -0.1749658918)
(-4.5 0.391496986 -0.1749658918)
(-4.25 0.391496986 -0.1749658918)
(-4 0.391496986 -0.1749658918)
(-3.75 0.391496986 -0.1749658918)
(-3.5 0.391496986 -0.1749658918)
(-3.25 0.391496986 -0.1749658918)
(-3 0.391496986 -0.1749658918)
(-2.75 0.391496986 -0.1749658918)
(-2.5 0.391496986 -0.1749658918)
(-2.25 0.391496986 -0.1749658918)
(-2 0.391496986 -0.1749658918)
(-1.75 0.391496986 -0.1749658918)
(-1.5 0.391496986 -0.1749658918)
(-1.25 0.391496986 -0.1749658918)
(-1 0.391496986 -0.1749658918)
(-0.75 0.391496986 -0.1749658918)
(-0.5 0.391496986 -0.1749658918)
(-0.25 0.391496986 -0.1749658918)
(0 0.391496986 -0.1749658918)
(-5 0.4754992645 -0.1545977019)
(-4.75 0.4754992645 -0.1545977019)
(-4.5 0.4754992645 -0.1545977019)
(-4.25 0.4754992645 -0.1545977019)
(-4 0.4754992645 -0.1545977019)
(-3.75 0.4754992645 -0.1545977019)
(-3.5 0.4754992645 -0.1545977019)
(-3.25 0.4754992645 -0.1545977019)
(-3 0.4754992645 -0.1545977019)
(-2.75 0.4754992645 -0.1545977019)
(-2.5 0.4754992645 -0.1545977019)
(-2.25 0.4754992645 -0.1545977019)
(-2 0.4754992645 -0.1545977019)
(-1.75 0.4754992645 -0.1545977019)
(-1.5 0.4754992645 -0.1545977019)
(-1.25 0.4754992645 -0.1545977019)
(-1 0.4754992645 -0.1545977019)
(-0.75 0.4754992645 -0.1545977019)
(-0.5 0.4754992645 -0.1545977019)
(-0.25 0.4754992645 -0.1545977019)
(0 0.4754992645 -0.1545977019)
(-5 -0.4938286953 -0.07831487525)
(-4.75 -0.4938286953 -0.07831487525)
(-4.5 -0.4938286953 -0.07831487525)
(-4.25 -0.4938286953 -0.07831487525)
(-4 -0.4938286953 -0.07831487525)
(-3.75 -0.4938286953 -0.07831487525)
(-3.5 -0.4938286953 -0.07831487525)
(-3.25 -0.4938286953 -0.07831487525)
(-3 -0.4938286953 -0.07831487525)
(-2.75 -0.4938286953 -0.07831487525)
(-2.5 -0.4938286953 -0.07831487525)
(-2.25 -0.4938286953 -0.07831487525)
(-2 -0.4938286953 -0.07831487525)
(-1.75 -0.4938286953 -0.07831487525)
(-1.5 -0.4938286953 -0.07831487525)
(-1.25 -0.4938286953 -0.07831487525)
(-1 -0.4938286953 -0.07831487525)
(-0.75 -0.4938286953 -0.07831487525)
(-0.5 -0.4938286953 -0.07831487525)
(-0.25 -0.4938286953 -0.07831487525)
(0 -0.4938286953 -0.07831487525)
(-5 -0.4061605306 -0.08849897021)
(-4.75 -0.4061605306 -0.08849897021)
(-4.5 -0.4061605306 -0.08849897021)
(-4.25 -0.4061605306 -0.08849897021)
(-4 -0.4061605306 -0.08849897021)
(-3.75 -0.4061605306 -0.08849897021)
(-3.5 -0.4061605306 -0.08849897021)
(-3.25 -0.4061605306 -0.08849897021)
(-3 -0.4061605306 -0.08849897021)
(-2.75 -0.4061605306 -0.08849897021)
(-2.5 -0.4061605306 -0.08849897021)
(-2.25 -0.4061605306 -0.08849897021)
(-2 -0.4061605306 -0.08849897021)
(-1.75 -0.4061605306 -0.08849897021)
(-1.5 -0.4061605306 -0.08849897021)
(-1.25 -0.4061605306 -0.08849897021)
(-1 -0.4061605306 -0.08849897021)
(-0.75 -0.4061605306 -0.08849897021)
(-0.5 -0.4061605306 -0.08849897021)
(-0.25 -0.4061605306 -0.08849897021)
(0 -0.4061605306 -0.08849897021)
(-5 -0.3112287797 -0.09669788332)
(-4.75 -0.3112287797 -0.09669788332)
(-4.5 -0.3112287797 -0.09669788332)
(-4.25 -0.3112287797 -0.09669788332)
(-4 -0.3112287797 -0.09669788332)
(-3.75 -0.3112287797 -0.09669788332)
(-3.5 -0.3112287797 -0.09669788332)
(-3.25 -0.3112287797 -0.09669788332)
(-3 -0.3112287797 -0.09669788332)
(-2.75 -0.3112287797 -0.09669788332)
(-2.5 -0.3112287797 -0.09669788332)
(-2.25 -0.3112287797 -0.09669788332)
(-2 -0.3112287797 -0.09669788332)
(-1.75 -0.3112287797 -0.09669788332)
(-1.5 -0.3112287797 -0.09669788332)
(-1.25 -0.3112287797 -0.09669788332)
(-1 -0.3112287797 -0.09669788332)
(-0.75 -0.3112287797 -0.09669788332)
(-0.5 -0.3112287797 -0.09669788332)
(-0.25 -0.3112287797 -0.09669788332)
(0 -0.3112287797 -0.09669788332)
(-5 -0.2107078238 -0.10270405)
(-4.75 -0.2107078238 -0.10270405)
(-4.5 -0.2107078238 -0.10270405)
(-4.25 -0.2107078238 -0.10270405)
(-4 -0.2107078238 -0.10270405)
(-3.75 -0.2107078238 -0.10270405)
(-3.5 -0.2107078238 -0.10270405)
(-3.25 -0.2107078238 -0.10270405)
(-3 -0.2107078238 -0.10270405)
(-2.75 -0.2107078238 -0.10270405)
(-2.5 -0.2107078238 -0.10270405)
(-2.25 -0.2107078238 -0.10270405)
(-2 -0.2107078238 -0.10270405)
(-1.75 -0.2107078238 -0.10270405)
(-1.5 -0.2107078238 -0.10270405)
(-1.25 -0.2107078238 -0.10270405)
(-1 -0.2107078238 -0.10270405)
(-0.75 -0.2107078238 -0.10270405)
(-0.5 -0.2107078238 -0.10270405)
(-0.25 -0.2107078238 -0.10270405)
(0 -0.2107078238 -0.10270405)
(-5 -0.1063699362 -0.1063699362)
(-4.75 -0.1063699362 -0.1063699362)
(-4.5 -0.1063699362 -0.1063699362)
(-4.25 -0.1063699362 -0.1063699362)
(-4 -0.1063699362 -0.1063699362)
(-3.75 -0.1063699362 -0.1063699362)
(-3.5 -0.1063699362 -0.1063699362)
(-3.25 -0.1063699362 -0.1063699362)
(-3 -0.1063699362 -0.1063699362)
(-2.75 -0.1063699362 -0.1063699362)
(-2.5 -0.1063699362 -0.1063699362)
(-2.25 -0.1063699362 -0.1063699362)
(-2 -0.1063699362 -0.1063699362)
(-1.75 -0.1063699362 -0.1063699362)
(-1.5 -0.1063699362 -0.1063699362)
(-1.25 -0.1063699362 -0.1063699362)
(-1 -0.1063699362 -0.1063699362)
(-0.75 -0.1063699362 -0.1063699362)
(-0.5 -0.1063699362 -0.1063699362)
(-0.25 -0.1063699362 -0.1063699362)
(0 -0.1063699362 -0.1063699362)
(-5 0 -0.1076041971)
(-4.75 0 -0.1076041971)
(-4.5 2.775557562e-18 -0.1076041971)
(-4.25 3.469446952e-17 -0.1076041971)
(-4 0 -0.1076041971)
(-3.75 0 -0.1076041971)
(-3.5 -4.625929269e-18 -0.1076041971)
(-3.25 0 -0.1076041971)
(-3 0 -0.1076041971)
(-2.75 2.359223927e-17 -0.1076041971)
(-2.5 0 -0.1076041971)
(-2.25 0 -0.1076041971)
(-2 0 -0.1076041971)
(-1.75 0 -0.1076041971)
(-1.5 0 -0.1076041971)
(-1.25 0 -0.1076041971)
(-1 0 -0.1076041971)
(-0.75 -2.081668171e-17 -0.1076041971)
(-0.5 6.938893904e-18 -0.1076041971)
(-0.25 -7.661695352e-18 -0.1076041971)
(0 0 -0.1076041971)
(-5 0.1063699362 -0.1063699362)
(-4.75 0.1063699362 -0.1063699362)
(-4.5 0.1063699362 -0.1063699362)
(-4.25 0.1063699362 -0.1063699362)
(-4 0.1063699362 -0.1063699362)
(-3.75 0.1063699362 -0.1063699362)
(-3.5 0.1063699362 -0.1063699362)
(-3.25 0.1063699362 -0.1063699362)
(-3 0.1063699362 -0.1063699362)
(-2.75 0.1063699362 -0.1063699362)
(-2.5 0.1063699362 -0.1063699362)
(-2.25 0.1063699362 -0.1063699362)
(-2 0.1063699362 -0.1063699362)
(-1.75 0.1063699362 -0.1063699362)
(-1.5 0.1063699362 -0.1063699362)
(-1.25 0.1063699362 -0.1063699362)
(-1 0.1063699362 -0.1063699362)
(-0.75 0.1063699362 -0.1063699362)
(-0.5 0.1063699362 -0.1063699362)
(-0.25 0.1063699362 -0.1063699362)
(0 0.1063699362 -0.1063699362)
(-5 0.2107078238 -0.10270405)
(-4.75 0.2107078238 -0.10270405)
(-4.5 0.2107078238 -0.10270405)
(-4.25 0.2107078238 -0.10270405)
(-4 0.2107078238 -0.10270405)
(-3.75 0.2107078238 -0.10270405)
(-3.5 0.2107078238 -0.10270405)
(-3.25 0.2107078238 -0.10270405)
(-3 0.2107078238 -0.10270405)
(-2.75 0.2107078238 -0.10270405)
(-2.5 0.2107078238 -0.10270405)
(-2.25 0.2107078238 -0.10270405)
(-2 0.2107078238 -0.10270405)
(-1.75 0.2107078238 -0.10270405)
(-1.5 0.2107078238 -0.10270405)
(-1.25 0.2107078238 -0.10270405)
(-1 0.2107078238 -0.10270405)
(-0.75 0.2107078238 -0.10270405)
(-0.5 0.2107078238 -0.10270405)
(-0.25 0.2107078238 -0.10270405)
(0 0.2107078238 -0.10270405)
(-5 0.3112287797 -0.09669788332)
(-4.75 0.3112287797 -0.09669788332)
(-4.5 0.3112287797 -0.09669788332)
(-4.25 0.3112287797 -0.09669788332)
(-4 0.3112287797 -0.09669788332)
(-3.75 0.3112287797 -0.09669788332)
(-3.5 0.3112287797 -0.09669788332)
(-3.25 0.3112287797 -0.09669788332)
(-3 0.3112287797 -0.09669788332)
(-2.75 0.3112287797 -0.09669788332)
(-2.5 0.3112287797 -0.09669788332)
(-2.25 0.3112287797 -0.09669788332)
(-2 0.3112287797 -0.09669788332)
(-1.75 0.3112287797 -0.09669788332)
(-1.5 0.3112287797 -0.09669788332)
(-1.25 0.3112287797 -0.09669788332)
(-1 0.3112287797 -0.09669788332)
(-0.75 0.3112287797 -0.09669788332)
(-0.5 0.3112287797 -0.09669788332)
(-0.25 0.3112287797 -0.09669788332)
(0 0.3112287797 -0.09669788332)
(-5 0.4061605306 -0.08849897021)
(-4.75 0.4061605306 -0.08849897021)
(-4.5 0.4061605306 -0.08849897021)
(-4.25 0.4061605306 -0.08849897021)
(-4 0.4061605306 -0.08849897021)
(-3.75 0.4061605306 -0.08849897021)
(-3.5 0.4061605306 -0.08849897021)
(-3.25 0.4061605306 -0.08849897021)
(-3 0.4061605306 -0.08849897021)
(-2.75 0.4061605306 -0.08849897021)
(-2.5 0.4061605306 -0.08849897021)
(-2.25 0.4061605306 -0.08849897021)
(-2 0.4061605306 -0.08849897021)
(-1.75 0.4061605306 -0.08849897021)
(-1.5 0.4061605306 -0.08849897021)
(-1.25 0.4061605306 -0.08849897021)
(-1 0.4061605306 -0.08849897021)
(-0.75 0.4061605306 -0.08849897021)
(-0.5 0.4061605306 -0.08849897021)
(-0.25 0.4061605306 -0.08849897021)
(0 0.4061605306 -0.08849897021)
(-5 0.4938286953 -0.07831487525)
(-4.75 0.4938286953 -0.07831487525)
(-4.5 0.4938286953 -0.07831487525)
(-4.25 0.4938286953 -0.07831487525)
(-4 0.4938286953 -0.07831487525)
(-3.75 0.4938286953 -0.07831487525)
(-3.5 0.4938286953 -0.07831487525)
(-3.25 0.4938286953 -0.07831487525)
(-3 0.4938286953 -0.07831487525)
(-2.75 0.4938286953 -0.07831487525)
(-2.5 0.4938286953 -0.07831487525)
(-2.25 0.4938286953 -0.07831487525)
(-2 0.4938286953 -0.07831487525)
(-1.75 0.4938286953 -0.07831487525)
(-1.5 0.4938286953 -0.07831487525)
(-1.25 0.4938286953 -0.07831487525)
(-1 0.4938286953 -0.07831487525)
(-0.75 0.4938286953 -0.07831487525)
(-0.5 0.4938286953 -0.07831487525)
(-0.25 0.4938286953 -0.07831487525)
(0 0.4938286953 -0.07831487525)
(-5 -0.5 0)
(-4.75 -0.5 0)
(-4.5 -0.5 0)
(-4.25 -0.5 0)
(-4 -0.5 0)
(-3.75 -0.5 0)
(-3.5 -0.5 -4.625929269e-18)
(-3.25 -0.5 0)
(-3 -0.5 0)
(-2.75 -0.5 4.625929269e-18)
(-2.5 -0.5 0)
(-2.25 -0.5 0)
(-2 -0.5 0)
(-1.75 -0.5 0)
(-1.5 -0.5 0)
(-1.25 -0.5 0)
(-1 -0.5 0)
(-0.75 -0.5 0)
(-0.5 -0.5 0)
(-0.25 -0.5 -1.156482317e-18)
(0 -0.5 0)
(-5 -0.4110975743 0)
(-4.75 -0.4110975743 -5.551115123e-17)
(-4.5 -0.4110975743 5.551115123e-17)
(-4.25 -0.4110975743 0)
(-4 -0.4110975743 5.551115123e-17)
(-3.75 -0.4110975743 5.551115123e-17)
(-3.5 -0.4110975743 -4.625929269e-18)
(-3.25 -0.4110975743 6.360652745e-17)
(-3 -0.4110975743 6.649773325e-17)
(-2.75 -0.4110975743 6.360652745e-18)
(-2.5 -0.4110975743 0)
(-2.25 -0.4110975743 5.551115123e-17)
(-2 -0.4110975743 0)
(-1.75 -0.4110975743 0)
(-1.5 -0.4110975743 6.042620108e-17)
(-1.25 -0.4110975743 0)
(-1 -0.4110975743 -8.67361738e-19)
(-0.75 -0.4110975743 2.457524924e-18)
(-0.5 -0.4110975743 -4.33680869e-19)
(-0.25 -0.4110975743 -7.228014483e-20)
(0 -0.4110975743 0)
(-5 -0.3149315625 2.775557562e-17)
(-4.75 -0.3149315625 2.081668171e-17)
(-4.5 -0.3149315625 9.251858539e-17)
(-4.25 -0.3149315625 3.700743415e-17)
(-4 -0.3149315625 3.700743415e-17)
(-3.75 -0.3149315625 -1.850371708e-17)
(-3.5 -0.3149315625 -4.625929269e-17)
(-3.25 -0.3149315625 -3.469446952e-17)
(-3 -0.3149315625 -4.163336342e-17)
(-2.75 -0.3149315625 2.197316403e-17)
(-2.5 -0.3149315625 1.387778781e-17)
(-2.25 -0.3149315625 -4.163336342e-17)
(-2 -0.3149315625 -3.700743415e-17)
(-1.75 -0.3149315625 6.938893904e-18)
(-1.5 -0.3149315625 -4.33680869e-17)
(-1.25 -0.3149315625 6.938893904e-18)
(-1 -0.3149315625 1.734723476e-18)
(-0.75 -0.3149315625 2.602085214e-18)
(-0.5 -0.3149315625 4.33680869e-18)
(-0.25 -0.3149315625 3.614007242e-18)
(0 -0.3149315625 0)
(-5 -0.2131763457 0)
(-4.75 -0.2131763457 -6.476300977e-17)
(-4.5 -0.2131763457 -6.245004514e-17)
(-4.25 -0.2131763457 0)
(-4 -0.2131763457 -1.619075244e-17)
(-3.75 -0.2131763457 -2.544261098e-17)
(-3.5 -0.2131763457 -1.156482317e-17)
(-3.25 -0.2131763457 -9.251858539e-18)
(-3 -0.2131763457 -6.938893904e-18)
(-2.75 -0.2131763457 0)
(-2.5 -0.2131763457 0)
(-2.25 -0.2131763457 0)
(-2 -0.2131763457 -1.156482317e-17)
(-1.75 -0.2131763457 3.469446952e-18)
(-1.5 -0.2131763457 0)
(-1.25 -0.2131763457 0)
(-1 -0.2131763457 -1.734723476e-18)
(-0.75 -0.2131763457 -3.469446952e-18)
(-0.5 -0.2131763457 2.602085214e-18)
(-0.25 -0.2131763457 1.445602897e-19)
(0 -0.2131763457 0)
(-5 -0.1076041971 0)
(-4.75 -0.1076041971 0)
(-4.5 -0.1076041971 -1.387778781e-17)
(-4.25 -0.1076041971 6.938893904e-18)
(-4 -0.1076041971 0)
(-3.75 -0.1076041971 0)
(-3.5 -0.1076041971 -4.625929269e-18)
(-3.25 -0.1076041971 0)
(-3 -0.1076041971 0)
(-2.75 -0.1076041971 6.938893904e-18)
(-2.5 -0.1076041971 0)
(-2.25 -0.1076041971 0)
(-2 -0.1076041971 0)
(-1.75 -0.1076041971 0)
(-1.5 -0.1076041971 0)
(-1.25 -0.1076041971 0)
(-1 -0.1076041971 0)
(-0.75 -0.1076041971 6.938893904e-18)
(-0.5 -0.1076041971 6.938893904e-18)
(-0.25 -0.1076041971 -7.661695352e-18)
(0 -0.1076041971 0)
(-5 0 0)
(-4.75 0 0)
(-4.5 1.387778781e-17 0)
(-4.25 2.775557562e-17 0)
(-4 0 0)
(-3.75 0 0)
(-3.5 -4.625929269e-18 -4.625929269e-18)
(-3.25 0 0)
(-3 0 0)
(-2.75 1.850371708e-17 4.625929269e-18)
(-2.5 0 0)
(-2.25 0 0)
(-2 0 0)
(-1.75 0 0)
(-1.5 3.469446952e-18 3.469446952e-18)
(-1.25 0 0)
(-1 -3.469446952e-18 -3.469446952e-18)
(-0.75 -2.602085214e-17 1.734723476e-18)
(-0.5 -1.734723476e-18 -1.734723476e-18)
(-0.25 1.879283766e-18 1.879283766e-18)
(0 0 0)
(-5 0.1076041971 0)
(-4.75 0.1076041971 0)
(-4.5 0.1076041971 -4.163336342e-17)
(-4.25 0.1076041971 6.938893904e-18)
(-4 0.1076041971 0)
(-3.75 0.1076041971 0)
(-3.5 0.1076041971 -4.625929269e-18)
(-3.25 0.1076041971 0)
(-3 0.1076041971 0)
(-2.75 0.1076041971 -2.081668171e-17)
(-2.5 0.1076041971 0)
(-2.25 0.1076041971 0)
(-2 0.1076041971 0)
(-1.75 0.1076041971 0)
(-1.5 0.1076041971 0)
(-1.25 0.1076041971 0)
(-1 0.1076041971 0)
(-0.75 0.1076041971 6.938893904e-18)
(-0.5 0.1076041971 6.938893904e-18)
(-0.25 0.1076041971 -7.661695352e-18)
(0 0.1076041971 0)
(-5 0.2131763457 0)
(-4.75 0.2131763457 5.551115123e-17)
(-4.5 0.2131763457 -2.775557562e-17)
(-4.25 0.2131763457 5.551115123e-17)
(-4 0.2131763457 5.551115123e-17)
(-3.75 0.2131763457 5.551115123e-17)
(-3.5 0.2131763457 4.394632806e-17)
(-3.25 0.2131763457 6.245004514e-17)
(-3 0.2131763457 4.857225733e-17)
(-2.75 0.2131763457 2.775557562e-17)
(-2.5 0.2131763457 5.551115123e-17)
(-2.25 0.2131763457 0)
(-2 0.2131763457 5.204170428e-17)
(-1.75 0.2131763457 5.898059818e-17)
(-1.5 0.2131763457 0)
(-1.25 0.2131763457 0)
(-1 0.2131763457 -1.734723476e-18)
(-0.75 0.2131763457 -3.469446952e-18)
(-0.5 0.2131763457 2.602085214e-18)
(-0.25 0.2131763457 1.445602897e-19)
(0 0.2131763457 0)
(-5 0.3149315625 -2.775557562e-17)
(-4.75 0.3149315625 3.469446952e-17)
(-4.5 0.3149315625 6.938893904e-18)
(-4.25 0.3149315625 2.775557562e-17)
(-4 0.3149315625 -2.775557562e-17)
(-3.75 0.3149315625 3.469446952e-17)
(-3.5 0.3149315625 -1.850371708e-17)
(-3.25 0.3149315625 3.469446952e-17)
(-3 0.3149315625 -1.387778781e-17)
(-2.75 0.3149315625 -3.700743415e-17)
(-2.5 0.3149315625 1.387778781e-17)
(-2.25 0.3149315625 -1.387778781e-17)
(-2 0.3149315625 -1.387778781e-17)
(-1.75 0.3149315625 -6.938893904e-18)
(-1.5 0.3149315625 4.510281038e-17)
(-1.25 0.3149315625 -6.938893904e-18)
(-1 0.3149315625 -3.469446952e-18)
(-0.75 0.3149315625 -1.734723476e-18)
(-0.5 0.3149315625 -5.204170428e-18)
(-0.25 0.3149315625 -4.625929269e-18)
(0 0.3149315625 0)
(-5 0.4110975743 0)
(-4.75 0.4110975743 -5.551115123e-17)
(-4.5 0.4110975743 -2.775557562e-17)
(-4.25 0.4110975743 0)
(-4 0.4110975743 0)
(-3.75 0.4110975743 -5.551115123e-17)
(-3.5 0.4110975743 -4.625929269e-18)
(-3.25 0.4110975743 5.551115123e-17)
(-3 0.4110975743 0)
(-2.75 0.4110975743 3.411622836e-17)
(-2.5 0.4110975743 0)
(-2.25 0.4110975743 0)
(-2 0.4110975743 0)
(-1.75 0.4110975743 0)
(-1.5 0.4110975743 8.67361738e-19)
(-1.25 0.4110975743 0)
(-1 0.4110975743 -8.67361738e-19)
(-0.75 0.4110975743 4.33680869e-19)
(-0.5 0.4110975743 -4.33680869e-19)
(-0.25 0.4110975743 -7.228014483e-20)
(0 0.4110975743 0)
(-5 0.5 0)
(-4.75 0.5 0)
(-4.5 0.5 2.775557562e-17)
(-4.25 0.5 0)
(-4 0.5 0)
(-3.75 0.5 0)
(-3.5 0.5 -4.625929269e-18)
(-3.25 0.5 0)
(-3 0.5 0)
(-2.75 0.5 3.238150488e-17)
(-2.5 0.5 0)
(-2.25 0.5 0)
(-2 0.5 0)
(-1.75 0.5 0)
(-1.5 0.5 0)
(-1.25 0.5 0)
(-1 0.5 0)
(-0.75 0.5 0)
(-0.5 0.5 0)
(-0.25 0.5 -1.156482317e-18)
(0 0.5 0)
(-5 -0.4938286953 0.07831487525)
(-4.75 -0.4938286953 0.07831487525)
(-4.5 -0.4938286953 0.07831487525)
(-4.25 -0.4938286953 0.07831487525)
(-4 -0.4938286953 0.07831487525)
(-3.75 -0.4938286953 0.07831487525)
(-3.5 -0.4938286953 0.07831487525)
(-3.25 -0.4938286953 0.07831487525)
(-3 -0.4938286953 0.07831487525)
(-2.75 -0.4938286953 0.07831487525)
(-2.5 -0.4938286953 0.07831487525)
(-2.25 -0.4938286953 0.07831487525)
(-2 -0.4938286953 0.07831487525)
(-1.75 -0.4938286953 0.07831487525)
(-1.5 -0.4938286953 0.07831487525)
(-1.25 -0.4938286953 0.07831487525)
(-1 -0.4938286953 0.07831487525)
(-0.75 -0.4938286953 0.07831487525)
(-0.5 -0.4938286953 0.07831487525)
(-0.25 -0.4938286953 0.07831487525)
(0 -0.4938286953 0.07831487525)
(-5 -0.4061605306 0.08849897021)
(-4.75 -0.4061605306 0.08849897021)
(-4.5 -0.4061605306 0.08849897021)
(-4.25 -0.4061605306 0.08849897021)
(-4 -0.4061605306 0.08849897021)
(-3.75 -0.4061605306 0.08849897021)
(-3.5 -0.4061605306 0.08849897021)
(-3.25 -0.4061605306 0.08849897021)
(-3 -0.4061605306 0.08849897021)
(-2.75 -0.4061605306 0.08849897021)
(-2.5 -0.4061605306 0.08849897021)
(-2.25 -0.4061605306 0.08849897021)
(-2 -0.4061605306 0.08849897021)
(-1.75 -0.4061605306 0.08849897021)
(-1.5 -0.4061605306 0.08849897021)
(-1.25 -0.4061605306 0.08849897021)
(-1 -0.4061605306 0.08849897021)
(-0.75 -0.4061605306 0.08849897021)
(-0.5 -0.4061605306 0.08849897021)
(-0.25 -0.4061605306 0.08849897021)
(0 -0.4061605306 0.08849897021)
(-5 -0.3112287797 0.09669788332)
(-4.75 -0.3112287797 0.09669788332)
(-4.5 -0.3112287797 0.09669788332)
(-4.25 -0.3112287797 0.09669788332)
(-4 -0.3112287797 0.09669788332)
(-3.75 -0.3112287797 0.09669788332)
(-3.5 -0.3112287797 0.09669788332)
(-3.25 -0.3112287797 0.09669788332)
(-3 -0.3112287797 0.09669788332)
(-2.75 -0.3112287797 0.09669788332)
(-2.5 -0.3112287797 0.09669788332)
(-2.25 -0.3112287797 0.09669788332)
(-2 -0.3112287797 0.09669788332)
(-1.75 -0.3112287797 0.09669788332)
(-1.5 -0.3112287797 0.09669788332)
(-1.25 -0.3112287797 0.09669788332)
(-1 -0.3112287797 0.09669788332)
(-0.75 -0.3112287797 0.09669788332)
(-0.5 -0.3112287797 0.09669788332)
(-0.25 -0.3112287797 0.09669788332)
(0 -0.3112287797 0.09669788332)
(-5 -0.2107078238 0.10270405)
(-4.75 -0.2107078238 0.10270405)
(-4.5 -0.2107078238 0.10270405)
(-4.25 -0.2107078238 0.10270405)
(-4 -0.2107078238 0.10270405)
(-3.75 -0.2107078238 0.10270405)
(-3.5 -0.2107078238 0.10270405)
(-3.25 -0.2107078238 0.10270405)
(-3 -0.2107078238 0.10270405)
(-2.75 -0.2107078238 0.10270405)
(-2.5 -0.2107078238 0.10270405)
(-2.25 -0.2107078238 0.10270405)
(-2 -0.2107078238 0.10270405)
(-1.75 -0.2107078238 0.10270405)
(-1.5 -0.2107078238 0.10270405)
(-1.25 -0.2107078238 0.10270405)
(-1 -0.2107078238 0.10270405)
(-0.75 -0.2107078238 0.10270405)
(-0.5 -0.2107078238 0.10270405)
(-0.25 -0.2107078238 0.10270405)
(0 -0.2107078238 0.10270405)
(-5 -0.1063699362 0.1063699362)
(-4.75 -0.1063699362 0.1063699362)
(-4.5 -0.1063699362 0.1063699362)
(-4.25 -0.1063699362 0.1063699362)
(-4 -0.1063699362 0.1063699362)
(-3.75 -0.1063699362 0.1063699362)
(-3.5 -0.1063699362 0.1063699362)
(-3.25 -0.1063699362 0.1063699362)
(-3 -0.1063699362 0.1063699362)
(-2.75 -0.1063699362 0.1063699362)
(-2.5 -0.1063699362 0.1063699362)
(-2.25 -0.1063699362 0.1063699362)
(-2 -0.1063699362 0.1063699362)
(-1.75 -0.1063699362 0.1063699362)
(-1.5 -0.1063699362 0.1063699362)
(-1.25 -0.1063699362 0.1063699362)
(-1 -0.1063699362 0.1063699362)
(-0.75 -0.1063699362 0.1063699362)
(-0.5 -0.1063699362 0.1063699362)
(-0.25 -0.1063699362 0.1063699362)
(0 -0.1063699362 0.1063699362)
(-5 0 0.1076041971)
(-4.75 0 0.1076041971)
(-4.5 -2.775557562e-18 0.1076041971)
(-4.25 3.469446952e-17 0.1076041971)
(-4 0 0.1076041971)
(-3.75 0 0.1076041971)
(-3.5 -4.625929269e-18 0.1076041971)
(-3.25 0 0.1076041971)
(-3 0 0.1076041971)
(-2.75 1.804112415e-17 0.1076041971)
(-2.5 0 0.1076041971)
(-2.25 0 0.1076041971)
(-2 0 0.1076041971)
(-1.75 0 0.1076041971)
(-1.5 0 0.1076041971)
(-1.25 0 0.1076041971)
(-1 0 0.1076041971)
(-0.75 -2.081668171e-17 0.1076041971)
(-0.5 6.938893904e-18 0.1076041971)
(-0.25 -7.661695352e-18 0.1076041971)
(0 0 0.1076041971)
(-5 0.1063699362 0.1063699362)
(-4.75 0.1063699362 0.1063699362)
(-4.5 0.1063699362 0.1063699362)
(-4.25 0.1063699362 0.1063699362)
(-4 0.1063699362 0.1063699362)
(-3.75 0.1063699362 0.1063699362)
(-3.5 0.1063699362 0.1063699362)
(-3.25 0.1063699362 0.1063699362)
(-3 0.1063699362 0.1063699362)
(-2.75 0.1063699362 0.1063699362)
(-2.5 0.1063699362 0.1063699362)
(-2.25 0.1063699362 0.1063699362)
(-2 0.1063699362 0.1063699362)
(-1.75 0.1063699362 0.1063699362)
(-1.5 0.1063699362 0.1063699362)
(-1.25 0.1063699362 0.1063699362)
(-1 0.1063699362 0.1063699362)
(-0.75 0.1063699362 0.1063699362)
(-0.5 0.1063699362 0.1063699362)
(-0.25 0.1063699362 0.1063699362)
(0 0.1063699362 0.1063699362)
(-5 0.2107078238 0.10270405)
(-4.75 0.2107078238 0.10270405)
(-4.5 0.2107078238 0.10270405)
(-4.25 0.2107078238 0.10270405)
(-4 0.2107078238 0.10270405)
(-3.75 0.2107078238 0.10270405)
(-3.5 0.2107078238 0.10270405)
(-3.25 0.2107078238 0.10270405)
(-3 0.2107078238 0.10270405)
(-2.75 0.2107078238 0.10270405)
(-2.5 0.2107078238 0.10270405)
(-2.25 0.2107078238 0.10270405)
(-2 0.2107078238 0.10270405)
(-1.75 0.2107078238 0.10270405)
(-1.5 0.2107078238 0.10270405)
(-1.25 0.2107078238 0.10270405)
(-1 0.2107078238 0.10270405)
(-0.75 0.2107078238 0.10270405)
(-0.5 0.2107078238 0.10270405)
(-0.25 0.2107078238 0.10270405)
(0 0.2107078238 0.10270405)
(-5 0.3112287797 0.09669788332)
(-4.75 0.3112287797 0.09669788332)
(-4.5 0.3112287797 0.09669788332)
(-4.25 0.3112287797 0.09669788332)
(-4 0.3112287797 0.09669788332)
(-3.75 0.3112287797 0.09669788332)
(-3.5 0.3112287797 0.09669788332)
(-3.25 0.3112287797 0.09669788332)
(-3 0.3112287797 0.09669788332)
(-2.75 0.3112287797 0.09669788332)
(-2.5 0.3112287797 0.09669788332)
(-2.25 0.3112287797 0.09669788332)
(-2 0.3112287797 0.09669788332)
(-1.75 0.3112287797 0.09669788332)
(-1.5 0.3112287797 0.09669788332)
(-1.25 0.3112287797 0.09669788332)
(-1 0.3112287797 0.09669788332)
(-0.75 0.3112287797 0.09669788332)
(-0.5 0.3112287797 0.09669788332)
(-0.25 0.3112287797 0.09669788332)
(0 0.3112287797 0.09669788332)
(-5 0.4061605306 0.08849897021)
(-4.75 0.4061605306 0.08849897021)
(-4.5 0.4061605306 0.08849897021)
(-4.25 0.4061605306 0.08849897021)
(-4 0.4061605306 0.08849897021)
(-3.75 0.4061605306 0.08849897021)
(-3.5 0.4061605306 0.08849897021)
(-3.25 0.4061605306 0.08849897021)
(-3 0.4061605306 0.08849897021)
(-2.75 0.4061605306 0.08849897021)
(-2.5 0.4061605306 0.08849897021)
(-2.25 0.4061605306 0.08849897021)
(-2 0.4061605306 0.08849897021)
(-1.75 0.4061605306 0.08849897021)
(-1.5 0.4061605306 0.08849897021)
(-1.25 0.4061605306 0.08849897021)
(-1 0.4061605306 0.08849897021)
(-0.75 0.4061605306 0.08849897021)
(-0.5 0.4061605306 0.08849897021)
(-0.25 0.4061605306 0.08849897021)
(0 0.4061605306 0.08849897021)
(-5 0.4938286953 0.07831487525)
(-4.75 0.4938286953 0.07831487525)
(-4.5 0.4938286953 0.07831487525)
(-4.25 0.4938286953 0.07831487525)
(-4 0.4938286953 0.07831487525)
(-3.75 0.4938286953 0.07831487525)
(-3.5 0.4938286953 0.07831487525)
(-3.25 0.4938286953 0.07831487525)
(-3 0.4938286953 0.07831487525)
(-2.75 0.4938286953 0.07831487525)
(-2.5 0.4938286953 0.07831487525)
(-2.25 0.4938286953 0.07831487525)
(-2 0.4938286953 0.07831487525)
(-1.75 0.4938286953 0.07831487525)
(-1.5 0.4938286953 0.07831487525)
(-1.25 0.4938286953 0.07831487525)
(-1 0.4938286953 0.07831487525)
(-0.75 0.4938286953 0.07831487525)
(-0.5 0.4938286953 0.07831487525)
(-0.25 0.4938286953 0.07831487525)
(0 0.4938286953 0.07831487525)
(-5 -0.4754992645 0.1545977019)
(-4.75 -0.4754992645 0.1545977019)
(-4.5 -0.4754992645 0.1545977019)
(-4.25 -0.4754992645 0.1545977019)
(-4 -0.4754992645 0.1545977019)
(-3.75 -0.4754992645 0.1545977019)
(-3.5 -0.4754992645 0.1545977019)
(-3.25 -0.4754992645 0.1545977019)
(-3 -0.4754992645 0.1545977019)
(-2.75 -0.4754992645 0.1545977019)
(-2.5 -0.4754992645 0.1545977019)
(-2.25 -0.4754992645 0.1545977019)
(-2 -0.4754992645 0.1545977019)
(-1.75 -0.4754992645 0.1545977019)
(-1.5 -0.4754992645 0.1545977019)
(-1.25 -0.4754992645 0.1545977019)
(-1 -0.4754992645 0.1545977019)
(-0.75 -0.4754992645 0.1545977019)
(-0.5 -0.4754992645 0.1545977019)
(-0.25 -0.4754992645 0.1545977019)
(0 -0.4754992645 0.1545977019)
(-5 -0.391496986 0.1749658918)
(-4.75 -0.391496986 0.1749658918)
(-4.5 -0.391496986 0.1749658918)
(-4.25 -0.391496986 0.1749658918)
(-4 -0.391496986 0.1749658918)
(-3.75 -0.391496986 0.1749658918)
(-3.5 -0.391496986 0.1749658918)
(-3.25 -0.391496986 0.1749658918)
(-3 -0.391496986 0.1749658918)
(-2.75 -0.391496986 0.1749658918)
(-2.5 -0.391496986 0.1749658918)
(-2.25 -0.391496986 0.1749658918)
(-2 -0.391496986 0.1749658918)
(-1.75 -0.391496986 0.1749658918)
(-1.5 -0.391496986 0.1749658918)
(-1.25 -0.391496986 0.1749658918)
(-1 -0.391496986 0.1749658918)
(-0.75 -0.391496986 0.1749658918)
(-0.5 -0.391496986 0.1749658918)
(-0.25 -0.391496986 0.1749658918)
(0 -0.391496986 0.1749658918)
(-5 -0.3002311213 0.191363718)
(-4.75 -0.3002311213 0.191363718)
(-4.5 -0.3002311213 0.191363718)
(-4.25 -0.3002311213 0.191363718)
(-4 -0.3002311213 0.191363718)
(-3.75 -0.3002311213 0.191363718)
(-3.5 -0.3002311213 0.191363718)
(-3.25 -0.3002311213 0.191363718)
(-3 -0.3002311213 0.191363718)
(-2.75 -0.3002311213 0.191363718)
(-2.5 -0.3002311213 0.191363718)
(-2.25 -0.3002311213 0.191363718)
(-2 -0.3002311213 0.191363718)
(-1.75 -0.3002311213 0.191363718)
(-1.5 -0.3002311213 0.191363718)
(-1.25 -0.3002311213 0.191363718)
(-1 -0.3002311213 0.191363718)
(-0.75 -0.3002311213 0.191363718)
(-0.5 -0.3002311213 0.191363718)
(-0.25 -0.3002311213 0.191363718)
(0 -0.3002311213 0.191363718)
(-5 -0.2033760515 0.2033760515)
(-4.75 -0.2033760515 0.2033760515)
(-4.5 -0.2033760515 0.2033760515)
(-4.25 -0.2033760515 0.2033760515)
(-4 -0.2033760515 0.2033760515)
(-3.75 -0.2033760515 0.2033760515)
(-3.5 -0.2033760515 0.2033760515)
(-3.25 -0.2033760515 0.2033760515)
(-3 -0.2033760515 0.2033760515)
(-2.75 -0.2033760515 0.2033760515)
(-2.5 -0.2033760515 0.2033760515)
(-2.25 -0.2033760515 0.2033760515)
(-2 -0.2033760515 0.2033760515)
(-1.75 -0.2033760515 0.2033760515)
(-1.5 -0.2033760515 0.2033760515)
(-1.25 -0.2033760515 0.2033760515)
(-1 -0.2033760515 0.2033760515)
(-0.75 -0.2033760515 0.2033760515)
(-0.5 -0.2033760515 0.2033760515)
(-0.25 -0.2033760515 0.2033760515)
(0 -0.2033760515 0.2033760515)
(-5 -0.10270405 0.2107078238)
(-4.75 -0.10270405 0.2107078238)
(-4.5 -0.10270405 0.2107078238)
(-4.25 -0.10270405 0.2107078238)
(-4 -0.10270405 0.2107078238)
(-3.75 -0.10270405 0.2107078238)
(-3.5 -0.10270405 0.2107078238)
(-3.25 -0.10270405 0.2107078238)
(-3 -0.10270405 0.2107078238)
(-2.75 -0.10270405 0.2107078238)
(-2.5 -0.10270405 0.2107078238)
(-2.25 -0.10270405 0.2107078238)
(-2 -0.10270405 0.2107078238)
(-1.75 -0.10270405 0.2107078238)
(-1.5 -0.10270405 0.2107078238)
(-1.25 -0.10270405 0.2107078238)
(-1 -0.10270405 0.2107078238)
(-0.75 -0.10270405 0.2107078238)
(-0.5 -0.10270405 0.2107078238)
(-0.25 -0.10270405 0.2107078238)
(0 -0.10270405 0.2107078238)
(-5 0 0.2131763457)
(-4.75 -5.551115123e-17 0.2131763457)
(-4.5 8.326672685e-18 0.2131763457)
(-4.25 -2.775557562e-17 0.2131763457)
(-4 -5.551115123e-17 0.2131763457)
(-3.75 -5.551115123e-17 0.2131763457)
(-3.5 -6.70759744e-17 0.2131763457)
(-3.25 6.938893904e-18 0.2131763457)
(-3 -6.938893904e-18 0.2131763457)
(-2.75 6.383782392e-17 0.2131763457)
(-2.5 0 0.2131763457)
(-2.25 0 0.2131763457)
(-2 -3.469446952e-18 0.2131763457)
(-1.75 3.469446952e-18 0.2131763457)
(-1.5 0 0.2131763457)
(-1.25 0 0.2131763457)
(-1 -1.734723476e-18 0.2131763457)
(-0.75 -3.122502257e-17 0.2131763457)
(-0.5 2.602085214e-18 0.2131763457)
(-0.25 1.445602897e-19 0.2131763457)
(0 0 0.2131763457)
(-5 0.10270405 0.2107078238)
(-4.75 0.10270405 0.2107078238)
(-4.5 0.10270405 0.2107078238)
(-4.25 0.10270405 0.2107078238)
(-4 0.10270405 0.2107078238)
(-3.75 0.10270405 0.2107078238)
(-3.5 0.10270405 0.2107078238)
(-3.25 0.10270405 0.2107078238)
(-3 0.10270405 0.2107078238)
(-2.75 0.10270405 0.2107078238)
(-2.5 0.10270405 0.2107078238)
(-2.25 0.10270405 0.2107078238)
(-2 0.10270405 0.2107078238)
(-1.75 0.10270405 0.2107078238)
(-1.5 0.10270405 0.2107078238)
(-1.25 0.10270405 0.2107078238)
(-1 0.10270405 0.2107078238)
(-0.75 0.10270405 0.2107078238)
(-0.5 0.10270405 0.2107078238)
(-0.25 0.10270405 0.2107078238)
(0 0.10270405 0.2107078238)
(-5 0.2033760515 0.2033760515)
(-4.75 0.2033760515 0.2033760515)
(-4.5 0.2033760515 0.2033760515)
(-4.25 0.2033760515 0.2033760515)
(-4 0.2033760515 0.2033760515)
(-3.75 0.2033760515 0.2033760515)
(-3.5 0.2033760515 0.2033760515)
(-3.25 0.2033760515 0.2033760515)
(-3 0.2033760515 0.2033760515)
(-2.75 0.2033760515 0.2033760515)
(-2.5 0.2033760515 0.2033760515)
(-2.25 0.2033760515 0.2033760515)
(-2 0.2033760515 0.2033760515)
(-1.75 0.2033760515 0.2033760515)
(-1.5 0.2033760515 0.2033760515)
(-1.25 0.2033760515 0.2033760515)
(-1 0.2033760515 0.2033760515)
(-0.75 0.2033760515 0.2033760515)
(-0.5 0.2033760515 0.2033760515)
(-0.25 0.2033760515 0.2033760515)
(0 0.2033760515 0.2033760515)
(-5 0.3002311213 0.191363718)
(-4.75 0.3002311213 0.191363718)
(-4.5 0.3002311213 0.191363718)
(-4.25 0.3002311213 0.191363718)
(-4 0.3002311213 0.191363718)
(-3.75 0.3002311213 0.191363718)
(-3.5 0.3002311213 0.191363718)
(-3.25 0.3002311213 0.191363718)
(-3 0.3002311213 0.191363718)
(-2.75 0.3002311213 0.191363718)
(-2.5 0.3002311213 0.191363718)
(-2.25 0.3002311213 0.191363718)
(-2 0.3002311213 0.191363718)
(-1.75 0.3002311213 0.191363718)
(-1.5 0.3002311213 0.191363718)
(-1.25 0.3002311213 0.191363718)
(-1 0.3002311213 0.191363718)
(-0.75 0.3002311213 0.191363718)
(-0.5 0.3002311213 0.191363718)
(-0.25 0.3002311213 0.191363718)
(0 0.3002311213 0.191363718)
(-5 0.391496986 0.1749658918)
(-4.75 0.391496986 0.1749658918)
(-4.5 0.391496986 0.1749658918)
(-4.25 0.391496986 0.1749658918)
(-4 0.391496986 0.1749658918)
(-3.75 0.391496986 0.1749658918)
(-3.5 0.391496986 0.1749658918)
(-3.25 0.391496986 0.1749658918)
(-3 0.391496986 0.1749658918)
(-2.75 0.391496986 0.1749658918)
(-2.5 0.391496986 0.1749658918)
(-2.25 0.391496986 0.1749658918)
(-2 0.391496986 0.1749658918)
(-1.75 0.391496986 0.1749658918)
(-1.5 0.391496986 0.1749658918)
(-1.25 0.391496986 0.1749658918)
(-1 0.391496986 0.1749658918)
(-0.75 0.391496986 0.1749658918)
(-0.5 0.391496986 0.1749658918)
(-0.25 0.391496986 0.1749658918)
(0 0.391496986 0.1749658918)
(-5 0.4754992645 0.1545977019)
(-4.75 0.4754992645 0.1545977019)
(-4.5 0.4754992645 0.1545977019)
(-4.25 0.4754992645 0.1545977019)
(-4 0.4754992645 0.1545977019)
(-3.75 0.4754992645 0.1545977019)
(-3.5 0.4754992645 0.1545977019)
(-3.25 0.4754992645 0.1545977019)
(-3 0.4754992645 0.1545977019)
(-2.75 0.4754992645 0.1545977019)
(-2.5 0.4754992645 0.1545977019)
(-2.25 0.4754992645 0.1545977019)
(-2 0.4754992645 0.1545977019)
(-1.75 0.4754992645 0.1545977019)
(-1.5 0.4754992645 0.1545977019)
(-1.25 0.4754992645 0.1545977019)
(-1 0.4754992645 0.1545977019)
(-0.75 0.4754992645 0.1545977019)
(-0.5 0.4754992645 0.1545977019)
(-0.25 0.4754992645 0.1545977019)
(0 0.4754992645 0.1545977019)
(-5 -0.4454684309 0.2270635969)
(-4.75 -0.4454684309 0.2270635969)
(-4.5 -0.4454684309 0.2270635969)
(-4.25 -0.4454684309 0.2270635969)
(-4 -0.4454684309 0.2270635969)
(-3.75 -0.4454684309 0.2270635969)
(-3.5 -0.4454684309 0.2270635969)
(-3.25 -0.4454684309 0.2270635969)
(-3 -0.4454684309 0.2270635969)
(-2.75 -0.4454684309 0.2270635969)
(-2.5 -0.4454684309 0.2270635969)
(-2.25 -0.4454684309 0.2270635969)
(-2 -0.4454684309 0.2270635969)
(-1.75 -0.4454684309 0.2270635969)
(-1.5 -0.4454684309 0.2270635969)
(-1.25 -0.4454684309 0.2270635969)
(-1 -0.4454684309 0.2270635969)
(-0.75 -0.4454684309 0.2270635969)
(-0.5 -0.4454684309 0.2270635969)
(-0.25 -0.4454684309 0.2270635969)
(0 -0.4454684309 0.2270635969)
(-5 -0.3674723191 0.2576158818)
(-4.75 -0.3674723191 0.2576158818)
(-4.5 -0.3674723191 0.2576158818)
(-4.25 -0.3674723191 0.2576158818)
(-4 -0.3674723191 0.2576158818)
(-3.75 -0.3674723191 0.2576158818)
(-3.5 -0.3674723191 0.2576158818)
(-3.25 -0.3674723191 0.2576158818)
(-3 -0.3674723191 0.2576158818)
(-2.75 -0.3674723191 0.2576158818)
(-2.5 -0.3674723191 0.2576158818)
(-2.25 -0.3674723191 0.2576158818)
(-2 -0.3674723191 0.2576158818)
(-1.75 -0.3674723191 0.2576158818)
(-1.5 -0.3674723191 0.2576158818)
(-1.25 -0.3674723191 0.2576158818)
(-1 -0.3674723191 0.2576158818)
(-0.75 -0.3674723191 0.2576158818)
(-0.5 -0.3674723191 0.2576158818)
(-0.25 -0.3674723191 0.2576158818)
(0 -0.3674723191 0.2576158818)
(-5 -0.2822126211 0.2822126211)
(-4.75 -0.2822126211 0.2822126211)
(-4.5 -0.2822126211 0.2822126211)
(-4.25 -0.2822126211 0.2822126211)
(-4 -0.2822126211 0.2822126211)
(-3.75 -0.2822126211 0.2822126211)
(-3.5 -0.2822126211 0.2822126211)
(-3.25 -0.2822126211 0.2822126211)
(-3 -0.2822126211 0.2822126211)
(-2.75 -0.2822126211 0.2822126211)
(-2.5 -0.2822126211 0.2822126211)
(-2.25 -0.2822126211 0.2822126211)
(-2 -0.2822126211 0.2822126211)
(-1.75 -0.2822126211 0.2822126211)
(-1.5 -0.2822126211 0.2822126211)
(-1.25 -0.2822126211 0.2822126211)
(-1 -0.2822126211 0.2822126211)
(-0.75 -0.2822126211 0.2822126211)
(-0.5 -0.2822126211 0.2822126211)
(-0.25 -0.2822126211 0.2822126211)
(0 -0.2822126211 0.2822126211)
(-5 -0.191363718 0.3002311213)
(-4.75 -0.191363718 0.3002311213)
(-4.5 -0.191363718 0.3002311213)
(-4.25 -0.191363718 0.3002311213)
(-4 -0.191363718 0.3002311213)
(-3.75 -0.191363718 0.3002311213)
(-3.5 -0.191363718 0.3002311213)
(-3.25 -0.191363718 0.3002311213)
(-3 -0.191363718 0.3002311213)
(-2.75 -0.191363718 0.3002311213)
(-2.5 -0.191363718 0.3002311213)
(-2.25 -0.191363718 0.3002311213)
(-2 -0.191363718 0.3002311213)
(-1.75 -0.191363718 0.3002311213)
(-1.5 -0.191363718 0.3002311213)
(-1.25 -0.191363718 0.3002311213)
(-1 -0.191363718 0.3002311213)
(-0.75 -0.191363718 0.3002311213)
(-0.5 -0.191363718 0.3002311213)
(-0.25 -0.191363718 0.3002311213)
(0 -0.191363718 0.3002311213)
(-5 -0.09669788332 0.3112287797)
(-4.75 -0.09669788332 0.3112287797)
(-4.5 -0.09669788332 0.3112287797)
(-4.25 -0.09669788332 0.3112287797)
(-4 -0.09669788332 0.3112287797)
(-3.75 -0.09669788332 0.3112287797)
(-3.5 -0.09669788332 0.3112287797)
(-3.25 -0.09669788332 0.3112287797)
(-3 -0.09669788332 0.3112287797)
(-2.75 -0.09669788332 0.3112287797)
(-2.5 -0.09669788332 0.3112287797)
(-2.25 -0.09669788332 0.3112287797)
(-2 -0.09669788332 0.3112287797)
(-1.75 -0.09669788332 0.3112287797)
(-1.5 -0.09669788332 0.3112287797)
(-1.25 -0.09669788332 0.3112287797)
(-1 -0.09669788332 0.3112287797)
(-0.75 -0.09669788332 0.3112287797)
(-0.5 -0.09669788332 0.3112287797)
(-0.25 -0.09669788332 0.3112287797)
(0 -0.09669788332 0.3112287797)
(-5 2.775557562e-17 0.3149315625)
(-4.75 -3.469446952e-17 0.3149315625)
(-4.5 -2.91433544e-17 0.3149315625)
(-4.25 -2.775557562e-17 0.3149315625)
(-4 2.775557562e-17 0.3149315625)
(-3.75 -3.469446952e-17 0.3149315625)
(-3.5 -4.625929269e-17 0.3149315625)
(-3.25 -3.469446952e-17 0.3149315625)
(-3 -4.163336342e-17 0.3149315625)
(-2.75 -2.798687208e-17 0.3149315625)
(-2.5 -4.163336342e-17 0.3149315625)
(-2.25 -4.163336342e-17 0.3149315625)
(-2 -4.163336342e-17 0.3149315625)
(-1.75 6.938893904e-18 0.3149315625)
(-1.5 -4.33680869e-17 0.3149315625)
(-1.25 6.938893904e-18 0.3149315625)
(-1 1.734723476e-18 0.3149315625)
(-0.75 -2.51534904e-17 0.3149315625)
(-0.5 4.33680869e-18 0.3149315625)
(-0.25 3.614007242e-18 0.3149315625)
(0 0 0.3149315625)
(-5 0.09669788332 0.3112287797)
(-4.75 0.09669788332 0.3112287797)
(-4.5 0.09669788332 0.3112287797)
(-4.25 0.09669788332 0.3112287797)
(-4 0.09669788332 0.3112287797)
(-3.75 0.09669788332 0.3112287797)
(-3.5 0.09669788332 0.3112287797)
(-3.25 0.09669788332 0.3112287797)
(-3 0.09669788332 0.3112287797)
(-2.75 0.09669788332 0.3112287797)
(-2.5 0.09669788332 0.3112287797)
(-2.25 0.09669788332 0.3112287797)
(-2 0.09669788332 0.3112287797)
(-1.75 0.09669788332 0.3112287797)
(-1.5 0.09669788332 0.3112287797)
(-1.25 0.09669788332 0.3112287797)
(-1 0.09669788332 0.3112287797)
(-0.75 0.09669788332 0.3112287797)
(-0.5 0.09669788332 0.3112287797)
(-0.25 0.09669788332 0.3112287797)
(0 0.09669788332 0.3112287797)
(-5 0.191363718 0.3002311213)
(-4.75 0.191363718 0.3002311213)
(-4.5 0.191363718 0.3002311213)
(-4.25 0.191363718 0.3002311213)
(-4 0.191363718 0.3002311213)
(-3.75 0.191363718 0.3002311213)
(-3.5 0.191363718 0.3002311213)
(-3.25 0.191363718 0.3002311213)
(-3 0.191363718 0.3002311213)
(-2.75 0.191363718 0.3002311213)
(-2.5 0.191363718 0.3002311213)
(-2.25 0.191363718 0.3002311213)
(-2 0.191363718 0.3002311213)
(-1.75 0.191363718 0.3002311213)
(-1.5 0.191363718 0.3002311213)
(-1.25 0.191363718 0.3002311213)
(-1 0.191363718 0.3002311213)
(-0.75 0.191363718 0.3002311213)
(-0.5 0.191363718 0.3002311213)
(-0.25 0.191363718 0.3002311213)
(0 0.191363718 0.3002311213)
(-5 0.2822126211 0.2822126211)
(-4.75 0.2822126211 0.2822126211)
(-4.5 0.2822126211 0.2822126211)
(-4.25 0.2822126211 0.2822126211)
(-4 0.2822126211 0.2822126211)
(-3.75 0.2822126211 0.2822126211)
(-3.5 0.2822126211 0.2822126211)
(-3.25 0.2822126211 0.2822126211)
(-3 0.2822126211 0.2822126211)
(-2.75 0.2822126211 0.2822126211)
(-2.5 0.2822126211 0.2822126211)
(-2.25 0.2822126211 0.2822126211)
(-2 0.2822126211 0.2822126211)
(-1.75 0.2822126211 0.2822126211)
(-1.5 0.2822126211 0.2822126211)
(-1.25 0.2822126211 0.2822126211)
(-1 0.2822126211 0.2822126211)
(-0.75 0.2822126211 0.2822126211)
(-0.5 0.2822126211 0.2822126211)
(-0.25 0.2822126211 0.2822126211)
(0 0.2822126211 0.2822126211)
(-5 0.3674723191 0.2576158818)
(-4.75 0.3674723191 0.2576158818)
(-4.5 0.3674723191 0.2576158818)
(-4.25 0.3674723191 0.2576158818)
(-4 0.3674723191 0.2576158818)
(-3.75 0.3674723191 0.2576158818)
(-3.5 0.3674723191 0.2576158818)
(-3.25 0.3674723191 0.2576158818)
(-3 0.3674723191 0.2576158818)
(-2.75 0.3674723191 0.2576158818)
(-2.5 0.3674723191 0.2576158818)
(-2.25 0.3674723191 0.2576158818)
(-2 0.3674723191 0.2576158818)
(-1.75 0.3674723191 0.2576158818)
(-1.5 0.3674723191 0.2576158818)
(-1.25 0.3674723191 0.2576158818)
(-1 0.3674723191 0.2576158818)
(-0.75 0.3674723191 0.2576158818)
(-0.5 0.3674723191 0.2576158818)
(-0.25 0.3674723191 0.2576158818)
(0 0.3674723191 0.2576158818)
(-5 0.4454684309 0.2270635969)
(-4.75 0.4454684309 0.2270635969)
(-4.5 0.4454684309 0.2270635969)
(-4.25 0.4454684309 0.2270635969)
(-4 0.4454684309 0.2270635969)
(-3.75 0.4454684309 0.2270635969)
(-3.5 0.4454684309 0.2270635969)
(-3.25 0.4454684309 0.2270635969)
(-3 0.4454684309 0.2270635969)
(-2.75 0.4454684309 0.2270635969)
(-2.5 0.4454684309 0.2270635969)
(-2.25 0.4454684309 0.2270635969)
(-2 0.4454684309 0.2270635969)
(-1.75 0.4454684309 0.2270635969)
(-1.5 0.4454684309 0.2270635969)
(-1.25 0.4454684309 0.2270635969)
(-1 0.4454684309 0.2270635969)
(-0.75 0.4454684309 0.2270635969)
(-0.5 0.4454684309 0.2270635969)
(-0.25 0.4454684309 0.2270635969)
(0 0.4454684309 0.2270635969)
(-5 -0.4044738654 0.2939402868)
(-4.75 -0.4044738654 0.2939402868)
(-4.5 -0.4044738654 0.2939402868)
(-4.25 -0.4044738654 0.2939402868)
(-4 -0.4044738654 0.2939402868)
(-3.75 -0.4044738654 0.2939402868)
(-3.5 -0.4044738654 0.2939402868)
(-3.25 -0.4044738654 0.2939402868)
(-3 -0.4044738654 0.2939402868)
(-2.75 -0.4044738654 0.2939402868)
(-2.5 -0.4044738654 0.2939402868)
(-2.25 -0.4044738654 0.2939402868)
(-2 -0.4044738654 0.2939402868)
(-1.75 -0.4044738654 0.2939402868)
(-1.5 -0.4044738654 0.2939402868)
(-1.25 -0.4044738654 0.2939402868)
(-1 -0.4044738654 0.2939402868)
(-0.75 -0.4044738654 0.2939402868)
(-0.5 -0.4044738654 0.2939402868)
(-0.25 -0.4044738654 0.2939402868)
(0 -0.4044738654 0.2939402868)
(-5 -0.3346766667 0.3346766667)
(-4.75 -0.3346766667 0.3346766667)
(-4.5 -0.3346766667 0.3346766667)
(-4.25 -0.3346766667 0.3346766667)
(-4 -0.3346766667 0.3346766667)
(-3.75 -0.3346766667 0.3346766667)
(-3.5 -0.3346766667 0.3346766667)
(-3.25 -0.3346766667 0.3346766667)
(-3 -0.3346766667 0.3346766667)
(-2.75 -0.3346766667 0.3346766667)
(-2.5 -0.3346766667 0.3346766667)
(-2.25 -0.3346766667 0.3346766667)
(-2 -0.3346766667 0.3346766667)
(-1.75 -0.3346766667 0.3346766667)
(-1.5 -0.3346766667 0.3346766667)
(-1.25 -0.3346766667 0.3346766667)
(-1 -0.3346766667 0.3346766667)
(-0.75 -0.3346766667 0.3346766667)
(-0.5 -0.3346766667 0.3346766667)
(-0.25 -0.3346766667 0.3346766667)
(0 -0.3346766667 0.3346766667)
(-5 -0.2576158818 0.3674723191)
(-4.75 -0.2576158818 0.3674723191)
(-4.5 -0.2576158818 0.3674723191)
(-4.25 -0.2576158818 0.3674723191)
(-4 -0.2576158818 0.3674723191)
(-3.75 -0.2576158818 0.3674723191)
(-3.5 -0.2576158818 0.3674723191)
(-3.25 -0.2576158818 0.3674723191)
(-3 -0.2576158818 0.3674723191)
(-2.75 -0.2576158818 0.3674723191)
(-2.5 -0.2576158818 0.3674723191)
(-2.25 -0.2576158818 0.3674723191)
(-2 -0.2576158818 0.3674723191)
(-1.75 -0.2576158818 0.3674723191)
(-1.5 -0.2576158818 0.3674723191)
(-1.25 -0.2576158818 0.3674723191)
(-1 -0.2576158818 0.3674723191)
(-0.75 -0.2576158818 0.3674723191)
(-0.5 -0.2576158818 0.3674723191)
(-0.25 -0.2576158818 0.3674723191)
(0 -0.2576158818 0.3674723191)
(-5 -0.1749658918 0.391496986)
(-4.75 -0.1749658918 0.391496986)
(-4.5 -0.1749658918 0.391496986)
(-4.25 -0.1749658918 0.391496986)
(-4 -0.1749658918 0.391496986)
(-3.75 -0.1749658918 0.391496986)
(-3.5 -0.1749658918 0.391496986)
(-3.25 -0.1749658918 0.391496986)
(-3 -0.1749658918 0.391496986)
(-2.75 -0.1749658918 0.391496986)
(-2.5 -0.1749658918 0.391496986)
(-2.25 -0.1749658918 0.391496986)
(-2 -0.1749658918 0.391496986)
(-1.75 -0.1749658918 0.391496986)
(-1.5 -0.1749658918 0.391496986)
(-1.25 -0.1749658918 0.391496986)
(-1 -0.1749658918 0.391496986)
(-0.75 -0.1749658918 0.391496986)
(-0.5 -0.1749658918 0.391496986)
(-0.25 -0.1749658918 0.391496986)
(0 -0.1749658918 0.391496986)
(-5 -0.08849897021 0.4061605306)
(-4.75 -0.08849897021 0.4061605306)
(-4.5 -0.08849897021 0.4061605306)
(-4.25 -0.08849897021 0.4061605306)
(-4 -0.08849897021 0.4061605306)
(-3.75 -0.08849897021 0.4061605306)
(-3.5 -0.08849897021 0.4061605306)
(-3.25 -0.08849897021 0.4061605306)
(-3 -0.08849897021 0.4061605306)
(-2.75 -0.08849897021 0.4061605306)
(-2.5 -0.08849897021 0.4061605306)
(-2.25 -0.08849897021 0.4061605306)
(-2 -0.08849897021 0.4061605306)
(-1.75 -0.08849897021 0.4061605306)
(-1.5 -0.08849897021 0.4061605306)
(-1.25 -0.08849897021 0.4061605306)
(-1 -0.08849897021 0.4061605306)
(-0.75 -0.08849897021 0.4061605306)
(-0.5 -0.08849897021 0.4061605306)
(-0.25 -0.08849897021 0.4061605306)
(0 -0.08849897021 0.4061605306)
(-5 0 0.4110975743)
(-4.75 5.551115123e-17 0.4110975743)
(-4.5 5.828670879e-17 0.4110975743)
(-4.25 2.775557562e-17 0.4110975743)
(-4 5.551115123e-17 0.4110975743)
(-3.75 5.551115123e-17 0.4110975743)
(-3.5 5.088522196e-17 0.4110975743)
(-3.25 5.551115123e-17 0.4110975743)
(-3 5.551115123e-17 0.4110975743)
(-2.75 9.136210307e-18 0.4110975743)
(-2.5 0 0.4110975743)
(-2.25 5.551115123e-17 0.4110975743)
(-2 5.551115123e-17 0.4110975743)
(-1.75 0 0.4110975743)
(-1.5 5.637851297e-17 0.4110975743)
(-1.25 0 0.4110975743)
(-1 -8.67361738e-19 0.4110975743)
(-0.75 -2.732189475e-17 0.4110975743)
(-0.5 -4.33680869e-19 0.4110975743)
(-0.25 -7.228014483e-20 0.4110975743)
(0 0 0.4110975743)
(-5 0.08849897021 0.4061605306)
(-4.75 0.08849897021 0.4061605306)
(-4.5 0.08849897021 0.4061605306)
(-4.25 0.08849897021 0.4061605306)
(-4 0.08849897021 0.4061605306)
(-3.75 0.08849897021 0.4061605306)
(-3.5 0.08849897021 0.4061605306)
(-3.25 0.08849897021 0.4061605306)
(-3 0.08849897021 0.4061605306)
(-2.75 0.08849897021 0.4061605306)
(-2.5 0.08849897021 0.4061605306)
(-2.25 0.08849897021 0.4061605306)
(-2 0.08849897021 0.4061605306)
(-1.75 0.08849897021 0.4061605306)
(-1.5 0.08849897021 0.4061605306)
(-1.25 0.08849897021 0.4061605306)
(-1 0.08849897021 0.4061605306)
(-0.75 0.08849897021 0.4061605306)
(-0.5 0.08849897021 0.4061605306)
(-0.25 0.08849897021 0.4061605306)
(0 0.08849897021 0.4061605306)
(-5 0.1749658918 0.391496986)
(-4.75 0.1749658918 0.391496986)
(-4.5 0.1749658918 0.391496986)
(-4.25 0.1749658918 0.391496986)
(-4 0.1749658918 0.391496986)
(-3.75 0.1749658918 0.391496986)
(-3.5 0.1749658918 0.391496986)
(-3.25 0.1749658918 0.391496986)
(-3 0.1749658918 0.391496986)
(-2.75 0.1749658918 0.391496986)
(-2.5 0.1749658918 0.391496986)
(-2.25 0.1749658918 0.391496986)
(-2 0.1749658918 0.391496986)
(-1.75 0.1749658918 0.391496986)
(-1.5 0.1749658918 0.391496986)
(-1.25 0.1749658918 0.391496986)
(-1 0.1749658918 0.391496986)
(-0.75 0.1749658918 0.391496986)
(-0.5 0.1749658918 0.391496986)
(-0.25 0.1749658918 0.391496986)
(0 0.1749658918 0.391496986)
(-5 0.2576158818 0.3674723191)
(-4.75 0.2576158818 0.3674723191)
(-4.5 0.2576158818 0.3674723191)
(-4.25 0.2576158818 0.3674723191)
(-4 0.2576158818 0.3674723191)
(-3.75 0.2576158818 0.3674723191)
(-3.5 0.2576158818 0.3674723191)
(-3.25 0.2576158818 0.3674723191)
(-3 0.2576158818 0.3674723191)
(-2.75 0.2576158818 0.3674723191)
(-2.5 0.2576158818 0.3674723191)
(-2.25 0.2576158818 0.3674723191)
(-2 0.2576158818 0.3674723191)
(-1.75 0.2576158818 0.3674723191)
(-1.5 0.2576158818 0.3674723191)
(-1.25 0.2576158818 0.3674723191)
(-1 0.2576158818 0.3674723191)
(-0.75 0.2576158818 0.3674723191)
(-0.5 0.2576158818 0.3674723191)
(-0.25 0.2576158818 0.3674723191)
(0 0.2576158818 0.3674723191)
(-5 0.3346766667 0.3346766667)
(-4.75 0.3346766667 0.3346766667)
(-4.5 0.3346766667 0.3346766667)
(-4.25 0.3346766667 0.3346766667)
(-4 0.3346766667 0.3346766667)
(-3.75 0.3346766667 0.3346766667)
(-3.5 0.3346766667 0.3346766667)
(-3.25 0.3346766667 0.3346766667)
(-3 0.3346766667 0.3346766667)
(-2.75 0.3346766667 0.3346766667)
(-2.5 0.3346766667 0.3346766667)
(-2.25 0.3346766667 0.3346766667)
(-2 0.3346766667 0.3346766667)
(-1.75 0.3346766667 0.3346766667)
(-1.5 0.3346766667 0.3346766667)
(-1.25 0.3346766667 0.3346766667)
(-1 0.3346766667 0.3346766667)
(-0.75 0.3346766667 0.3346766667)
(-0.5 0.3346766667 0.3346766667)
(-0.25 0.3346766667 0.3346766667)
(0 0.3346766667 0.3346766667)
(-5 0.4044738654 0.2939402868)
(-4.75 0.4044738654 0.2939402868)
(-4.5 0.4044738654 0.2939402868)
(-4.25 0.4044738654 0.2939402868)
(-4 0.4044738654 0.2939402868)
(-3.75 0.4044738654 0.2939402868)
(-3.5 0.4044738654 0.2939402868)
(-3.25 0.4044738654 0.2939402868)
(-3 0.4044738654 0.2939402868)
(-2.75 0.4044738654 0.2939402868)
(-2.5 0.4044738654 0.2939402868)
(-2.25 0.4044738654 0.2939402868)
(-2 0.4044738654 0.2939402868)
(-1.75 0.4044738654 0.2939402868)
(-1.5 0.4044738654 0.2939402868)
(-1.25 0.4044738654 0.2939402868)
(-1 0.4044738654 0.2939402868)
(-0.75 0.4044738654 0.2939402868)
(-0.5 0.4044738654 0.2939402868)
(-0.25 0.4044738654 0.2939402868)
(0 0.4044738654 0.2939402868)
(-5 -0.3535533906 0.3535533906)
(-4.75 -0.3535533906 0.3535533906)
(-4.5 -0.3535533906 0.3535533906)
(-4.25 -0.3535533906 0.3535533906)
(-4 -0.3535533906 0.3535533906)
(-3.75 -0.3535533906 0.3535533906)
(-3.5 -0.3535533906 0.3535533906)
(-3.25 -0.3535533906 0.3535533906)
(-3 -0.3535533906 0.3535533906)
(-2.75 -0.3535533906 0.3535533906)
(-2.5 -0.3535533906 0.3535533906)
(-2.25 -0.3535533906 0.3535533906)
(-2 -0.3535533906 0.3535533906)
(-1.75 -0.3535533906 0.3535533906)
(-1.5 -0.3535533906 0.3535533906)
(-1.25 -0.3535533906 0.3535533906)
(-1 -0.3535533906 0.3535533906)
(-0.75 -0.3535533906 0.3535533906)
(-0.5 -0.3535533906 0.3535533906)
(-0.25 -0.3535533906 0.3535533906)
(0 -0.3535533906 0.3535533906)
(-5 -0.2939402868 0.4044738654)
(-4.75 -0.2939402868 0.4044738654)
(-4.5 -0.2939402868 0.4044738654)
(-4.25 -0.2939402868 0.4044738654)
(-4 -0.2939402868 0.4044738654)
(-3.75 -0.2939402868 0.4044738654)
(-3.5 -0.2939402868 0.4044738654)
(-3.25 -0.2939402868 0.4044738654)
(-3 -0.2939402868 0.4044738654)
(-2.75 -0.2939402868 0.4044738654)
(-2.5 -0.2939402868 0.4044738654)
(-2.25 -0.2939402868 0.4044738654)
(-2 -0.2939402868 0.4044738654)
(-1.75 -0.2939402868 0.4044738654)
(-1.5 -0.2939402868 0.4044738654)
(-1.25 -0.2939402868 0.4044738654)
(-1 -0.2939402868 0.4044738654)
(-0.75 -0.2939402868 0.4044738654)
(-0.5 -0.2939402868 0.4044738654)
(-0.25 -0.2939402868 0.4044738654)
(0 -0.2939402868 0.4044738654)
(-5 -0.2270635969 0.4454684309)
(-4.75 -0.2270635969 0.4454684309)
(-4.5 -0.2270635969 0.4454684309)
(-4.25 -0.2270635969 0.4454684309)
(-4 -0.2270635969 0.4454684309)
(-3.75 -0.2270635969 0.4454684309)
(-3.5 -0.2270635969 0.4454684309)
(-3.25 -0.2270635969 0.4454684309)
(-3 -0.2270635969 0.4454684309)
(-2.75 -0.2270635969 0.4454684309)
(-2.5 -0.2270635969 0.4454684309)
(-2.25 -0.2270635969 0.4454684309)
(-2 -0.2270635969 0.4454684309)
(-1.75 -0.2270635969 0.4454684309)
(-1.5 -0.2270635969 0.4454684309)
(-1.25 -0.2270635969 0.4454684309)
(-1 -0.2270635969 0.4454684309)
(-0.75 -0.2270635969 0.4454684309)
(-0.5 -0.2270635969 0.4454684309)
(-0.25 -0.2270635969 0.4454684309)
(0 -0.2270635969 0.4454684309)
(-5 -0.1545977019 0.4754992645)
(-4.75 -0.1545977019 0.4754992645)
(-4.5 -0.1545977019 0.4754992645)
(-4.25 -0.1545977019 0.4754992645)
(-4 -0.1545977019 0.4754992645)
(-3.75 -0.1545977019 0.4754992645)
(-3.5 -0.1545977019 0.4754992645)
(-3.25 -0.1545977019 0.4754992645)
(-3 -0.1545977019 0.4754992645)
(-2.75 -0.1545977019 0.4754992645)
(-2.5 -0.1545977019 0.4754992645)
(-2.25 -0.1545977019 0.4754992645)
(-2 -0.1545977019 0.4754992645)
(-1.75 -0.1545977019 0.4754992645)
(-1.5 -0.1545977019 0.4754992645)
(-1.25 -0.1545977019 0.4754992645)
(-1 -0.1545977019 0.4754992645)
(-0.75 -0.1545977019 0.4754992645)
(-0.5 -0.1545977019 0.4754992645)
(-0.25 -0.1545977019 0.4754992645)
(0 -0.1545977019 0.4754992645)
(-5 -0.07831487525 0.4938286953)
(-4.75 -0.07831487525 0.4938286953)
(-4.5 -0.07831487525 0.4938286953)
(-4.25 -0.07831487525 0.4938286953)
(-4 -0.07831487525 0.4938286953)
(-3.75 -0.07831487525 0.4938286953)
(-3.5 -0.07831487525 0.4938286953)
(-3.25 -0.07831487525 0.4938286953)
(-3 -0.07831487525 0.4938286953)
(-2.75 -0.07831487525 0.4938286953)
(-2.5 -0.07831487525 0.4938286953)
(-2.25 -0.07831487525 0.4938286953)
(-2 -0.07831487525 0.4938286953)
(-1.75 -0.07831487525 0.4938286953)
(-1.5 -0.07831487525 0.4938286953)
(-1.25 -0.07831487525 0.4938286953)
(-1 -0.07831487525 0.4938286953)
(-0.75 -0.07831487525 0.4938286953)
(-0.5 -0.07831487525 0.4938286953)
(-0.25 -0.07831487525 0.4938286953)
(0 -0.07831487525 0.4938286953)
(-5 0 0.5)
(-4.75 0 0.5)
(-4.5 0 0.5)
(-4.25 0 0.5)
(-4 0 0.5)
(-3.75 0 0.5)
(-3.5 -4.625929269e-18 0.5)
(-3.25 0 0.5)
(-3 0 0.5)
(-2.75 4.625929269e-18 0.5)
(-2.5 0 0.5)
(-2.25 0 0.5)
(-2 0 0.5)
(-1.75 0 0.5)
(-1.5 0 0.5)
(-1.25 0 0.5)
(-1 0 0.5)
(-0.75 0 0.5)
(-0.5 0 0.5)
(-0.25 -1.156482317e-18 0.5)
(0 0 0.5)
(-5 0.07831487525 0.4938286953)
(-4.75 0.07831487525 0.4938286953)
(-4.5 0.07831487525 0.4938286953)
(-4.25 0.07831487525 0.4938286953)
(-4 0.07831487525 0.4938286953)
(-3.75 0.07831487525 0.4938286953)
(-3.5 0.07831487525 0.4938286953)
(-3.25 0.07831487525 0.4938286953)
(-3 0.07831487525 0.4938286953)
(-2.75 0.07831487525 0.4938286953)
(-2.5 0.07831487525 0.4938286953)
(-2.25 0.07831487525 0.4938286953)
(-2 0.07831487525 0.4938286953)
(-1.75 0.07831487525 0.4938286953)
(-1.5 0.07831487525 0.4938286953)
(-1.25 0.07831487525 0.4938286953)
(-1 0.07831487525 0.4938286953)
(-0.75 0.07831487525 0.4938286953)
(-0.5 0.07831487525 0.4938286953)
(-0.25 0.07831487525 0.4938286953)
(0 0.07831487525 0.4938286953)
(-5 0.1545977019 0.4754992645)
(-4.75 0.1545977019 0.4754992645)
(-4.5 0.1545977019 0.4754992645)
(-4.25 0.1545977019 0.4754992645)
(-4 0.1545977019 0.4754992645)
(-3.75 0.1545977019 0.4754992645)
(-3.5 0.1545977019 0.4754992645)
(-3.25 0.1545977019 0.4754992645)
(-3 0.1545977019 0.4754992645)
(-2.75 0.1545977019 0.4754992645)
(-2.5 0.1545977019 0.4754992645)
(-2.25 0.1545977019 0.4754992645)
(-2 0.1545977019 0.4754992645)
(-1.75 0.1545977019 0.4754992645)
(-1.5 0.1545977019 0.4754992645)
(-1.25 0.1545977019 0.4754992645)
(-1 0.1545977019 0.4754992645)
(-0.75 0.1545977019 0.4754992645)
(-0.5 0.1545977019 0.4754992645)
(-0.25 0.1545977019 0.4754992645)
(0 0.1545977019 0.4754992645)
(-5 0.2270635969 0.4454684309)
(-4.75 0.2270635969 0.4454684309)
(-4.5 0.2270635969 0.4454684309)
(-4.25 0.2270635969 0.4454684309)
(-4 0.2270635969 0.4454684309)
(-3.75 0.2270635969 0.4454684309)
(-3.5 0.2270635969 0.4454684309)
(-3.25 0.2270635969 0.4454684309)
(-3 0.2270635969 0.4454684309)
(-2.75 0.2270635969 0.4454684309)
(-2.5 0.2270635969 0.4454684309)
(-2.25 0.2270635969 0.4454684309)
(-2 0.2270635969 0.4454684309)
(-1.75 0.2270635969 0.4454684309)
(-1.5 0.2270635969 0.4454684309)
(-1.25 0.2270635969 0.4454684309)
(-1 0.2270635969 0.4454684309)
(-0.75 0.2270635969 0.4454684309)
(-0.5 0.2270635969 0.4454684309)
(-0.25 0.2270635969 0.4454684309)
(0 0.2270635969 0.4454684309)
(-5 0.2939402868 0.4044738654)
(-4.75 0.2939402868 0.4044738654)
(-4.5 0.2939402868 0.4044738654)
(-4.25 0.2939402868 0.4044738654)
(-4 0.2939402868 0.4044738654)
(-3.75 0.2939402868 0.4044738654)
(-3.5 0.2939402868 0.4044738654)
(-3.25 0.2939402868 0.4044738654)
(-3 0.2939402868 0.4044738654)
(-2.75 0.2939402868 0.4044738654)
(-2.5 0.2939402868 0.4044738654)
(-2.25 0.2939402868 0.4044738654)
(-2 0.2939402868 0.4044738654)
(-1.75 0.2939402868 0.4044738654)
(-1.5 0.2939402868 0.4044738654)
(-1.25 0.2939402868 0.4044738654)
(-1 0.2939402868 0.4044738654)
(-0.75 0.2939402868 0.4044738654)
(-0.5 0.2939402868 0.4044738654)
(-0.25 0.2939402868 0.4044738654)
(0 0.2939402868 0.4044738654)
(-5 0.3535533906 0.3535533906)
(-4.75 0.3535533906 0.3535533906)
(-4.5 0.3535533906 0.3535533906)
(-4.25 0.3535533906 0.3535533906)
(-4 0.3535533906 0.3535533906)
(-3.75 0.3535533906 0.3535533906)
(-3.5 0.3535533906 0.3535533906)
(-3.25 0.3535533906 0.3535533906)
(-3 0.3535533906 0.3535533906)
(-2.75 0.3535533906 0.3535533906)
(-2.5 0.3535533906 0.3535533906)
(-2.25 0.3535533906 0.3535533906)
(-2 0.3535533906 0.3535533906)
(-1.75 0.3535533906 0.3535533906)
(-1.5 0.3535533906 0.3535533906)
(-1.25 0.3535533906 0.3535533906)
(-1 0.3535533906 0.3535533906)
(-0.75 0.3535533906 0.3535533906)
(-0.5 0.3535533906 0.3535533906)
(-0.25 0.3535533906 0.3535533906)
(0 0.3535533906 0.3535533906)
)


// ************************************************************************* //
