/*--------------------------------*- C++ -*----------------------------------*\
  =========                 |
  \\      /  F ield         | OpenFOAM: The Open Source CFD Toolbox
   \\    /   O peration     | Website:  https://openfoam.org
    \\  /    A nd           | Version:  8
     \\/     M anipulation  |
\*---------------------------------------------------------------------------*/
FoamFile
{
    version     2.0;
    format      ascii;
    class       vectorField;
    location    "constant/polyMesh";
    object      points;
}
// * * * * * * * * * * * * * * * * * * * * * * * * * * * * * * * * * * * * * //


3042
(
(-5 3.67394e-17 0.4)
(-0.5 3.67394e-17 0.4)
(-0.5 6.12323e-17 0.1)
(0.5 -1.22465e-16 1.5)
(0.5 -1.22465e-16 0.1)
(5 3.67394e-17 0.4)
(0.5 -4.28626e-17 0.4)
(-5 -0.0704028 0.382452)
(-5 -0.123683 0.334868)
(-5 -0.148912 0.268036)
(-5 -0.140368 0.197114)
(-5 -0.0999885 0.138186)
(-5 -0.0369321 0.104618)
(-5 0.0345004 0.104022)
(-5 0.0981083 0.136533)
(-5 0.139465 0.194779)
(-5 0.149192 0.265548)
(-5 0.123025 0.335818)
(-5 0.0693803 0.38299)
(-0.495139 -0.0695538 0.382899)
(-0.48449 -0.123571 0.33503)
(-0.477266 -0.149053 0.266831)
(-0.479843 -0.140539 0.19757)
(-0.488199 -0.107988 0.145892)
(-0.494362 -0.0748768 0.120025)
(-0.498489 -0.038843 0.105117)
(-0.498463 0.0391694 0.105204)
(-0.494273 0.0754586 0.120362)
(-0.488376 0.107188 0.145068)
(-0.48018 0.13938 0.194563)
(-0.477233 0.14916 0.265852)
(-0.484157 0.124866 0.333117)
(-0.495089 0.0699032 0.382716)
(-4.92497 3.67394e-17 0.4)
(-4.84994 3.67394e-17 0.4)
(-4.77491 3.67394e-17 0.4)
(-4.69988 3.67394e-17 0.4)
(-4.62485 3.67394e-17 0.4)
(-4.54982 3.67394e-17 0.4)
(-4.47479 3.67394e-17 0.4)
(-4.39976 3.67394e-17 0.4)
(-4.32473 3.67394e-17 0.4)
(-4.2497 3.67394e-17 0.4)
(-4.17467 3.67394e-17 0.4)
(-4.09964 3.67394e-17 0.4)
(-4.02461 3.67394e-17 0.4)
(-3.94958 3.67394e-17 0.4)
(-3.87455 3.67394e-17 0.4)
(-3.79952 3.67394e-17 0.4)
(-3.7245 3.67394e-17 0.4)
(-3.64947 3.67394e-17 0.4)
(-3.57444 3.67394e-17 0.4)
(-3.49941 3.67394e-17 0.4)
(-3.42438 3.67394e-17 0.4)
(-3.34935 3.67394e-17 0.4)
(-3.27432 3.67394e-17 0.4)
(-3.19929 3.67394e-17 0.4)
(-3.12426 3.67394e-17 0.4)
(-3.04923 3.67394e-17 0.4)
(-2.9742 3.67394e-17 0.4)
(-2.89917 3.67394e-17 0.4)
(-2.82414 3.67394e-17 0.4)
(-2.74911 3.67394e-17 0.4)
(-2.67408 3.67394e-17 0.4)
(-2.59905 3.67394e-17 0.4)
(-2.52402 3.67394e-17 0.4)
(-2.44899 3.67394e-17 0.4)
(-2.37396 3.67394e-17 0.4)
(-2.29893 3.67394e-17 0.4)
(-2.2239 3.67394e-17 0.4)
(-2.14887 3.67394e-17 0.4)
(-2.07384 3.67394e-17 0.4)
(-1.99881 3.67394e-17 0.4)
(-1.92378 3.67394e-17 0.4)
(-1.84875 3.67394e-17 0.4)
(-1.77372 3.67394e-17 0.4)
(-1.69869 3.67394e-17 0.4)
(-1.62366 3.67394e-17 0.4)
(-1.54863 3.67394e-17 0.4)
(-1.4736 3.67394e-17 0.4)
(-1.39857 3.67394e-17 0.4)
(-1.32355 3.67394e-17 0.4)
(-1.24852 3.67394e-17 0.4)
(-1.17349 3.67394e-17 0.4)
(-1.09846 3.67394e-17 0.4)
(-1.02343 3.67394e-17 0.4)
(-0.948397 3.67394e-17 0.4)
(-0.873367 3.67394e-17 0.4)
(-0.798337 3.67394e-17 0.4)
(-0.723308 3.67394e-17 0.4)
(-0.648278 3.67394e-17 0.4)
(-0.573248 3.67394e-17 0.4)
(0.489765 0.100649 1.5)
(0.459479 0.197178 1.5)
(0.410382 0.285634 1.5)
(0.344483 0.362396 1.5)
(0.264482 0.424322 1.5)
(0.173653 0.468876 1.5)
(0.0757139 0.494234 1.5)
(-0.0253246 0.499358 1.5)
(-0.125326 0.484039 1.5)
(-0.220197 0.448902 1.5)
(-0.306053 0.395388 1.5)
(-0.379379 0.325686 1.5)
(-0.437173 0.242651 1.5)
(-0.47707 0.149682 1.5)
(-0.497435 0.0505842 1.5)
(-0.497435 -0.0505842 1.5)
(-0.47707 -0.149682 1.5)
(-0.437173 -0.242651 1.5)
(-0.379379 -0.325686 1.5)
(-0.306053 -0.395388 1.5)
(-0.220197 -0.448902 1.5)
(-0.125326 -0.484039 1.5)
(-0.0253246 -0.499358 1.5)
(0.0757139 -0.494234 1.5)
(0.173653 -0.468876 1.5)
(0.264482 -0.424322 1.5)
(0.344483 -0.362396 1.5)
(0.410382 -0.285634 1.5)
(0.459479 -0.197178 1.5)
(0.489765 -0.100649 1.5)
(-0.498455 -0.0392769 0.1)
(-0.493829 -0.078311 0.1)
(-0.486152 -0.116861 0.1)
(-0.470908 -0.168064 0.1)
(-0.432606 -0.250704 0.1)
(-0.375361 -0.330309 0.1)
(-0.303682 -0.397212 0.1)
(-0.220324 -0.44884 0.1)
(-0.128494 -0.483207 0.1)
(-0.0317223 -0.498993 0.1)
(0.0662693 -0.495589 0.1)
(0.161712 -0.473127 0.1)
(0.250937 -0.43247 0.1)
(0.330511 -0.375183 0.1)
(0.397376 -0.303468 0.1)
(0.443329 -0.231213 0.1)
(0.468478 -0.174724 0.1)
(0.482806 -0.129995 0.1)
(0.493136 -0.082562 0.1)
(0.498455 -0.0392769 0.1)
(0.498471 0.0390767 0.1)
(0.493892 0.0779143 0.1)
(0.483071 0.129004 0.1)
(0.450357 0.217206 0.1)
(0.39961 0.300519 0.1)
(0.333652 0.372393 0.1)
(0.254993 0.430091 0.1)
(0.166628 0.471418 0.1)
(0.0719202 0.4948 0.1)
(-0.0255253 0.499348 0.1)
(-0.121999 0.484888 0.1)
(-0.213829 0.45197 0.1)
(-0.29752 0.401848 0.1)
(-0.369885 0.33643 0.1)
(-0.428171 0.258205 0.1)
(-0.466283 0.180499 0.1)
(-0.482326 0.131763 0.1)
(-0.492666 0.0853252 0.1)
(-0.498471 0.0390767 0.1)
(5 -0.0704028 0.382452)
(5 -0.123683 0.334868)
(5 -0.148912 0.268036)
(5 -0.140368 0.197114)
(5 -0.0999885 0.138186)
(5 -0.0369321 0.104618)
(5 0.0345004 0.104022)
(5 0.0981083 0.136533)
(5 0.139465 0.194779)
(5 0.149192 0.265548)
(5 0.123025 0.335818)
(5 0.0693803 0.38299)
(0.5 -1.22465e-16 0.4791)
(0.5 -1.22465e-16 0.577876)
(0.5 -1.22465e-16 0.680335)
(0.5 -1.22465e-16 0.782793)
(0.5 -1.22465e-16 0.885251)
(0.5 -1.22465e-16 0.987709)
(0.5 -1.22465e-16 1.09017)
(0.5 -1.22465e-16 1.19263)
(0.5 -1.22465e-16 1.29508)
(0.5 -1.22465e-16 1.39754)
(0.495408 -0.0676076 0.3839)
(0.484896 -0.121966 0.337317)
(0.477429 -0.14853 0.270947)
(0.479322 -0.142305 0.202572)
(0.488241 -0.107799 0.145696)
(0.494551 -0.0736133 0.119305)
(0.498544 -0.0381363 0.104929)
(0.498429 0.0396063 0.105323)
(0.494154 0.0762354 0.120817)
(0.488028 0.108758 0.146696)
(0.48048 0.138343 0.192025)
(0.477159 0.149396 0.263449)
(0.483919 0.125788 0.331716)
(0.494977 0.0706931 0.382297)
(0.57298 3.67394e-17 0.4)
(0.648014 3.67394e-17 0.4)
(0.723048 3.67394e-17 0.4)
(0.798082 3.67394e-17 0.4)
(0.873117 3.67394e-17 0.4)
(0.948151 3.67394e-17 0.4)
(1.02319 3.67394e-17 0.4)
(1.09822 3.67394e-17 0.4)
(1.17325 3.67394e-17 0.4)
(1.24829 3.67394e-17 0.4)
(1.32332 3.67394e-17 0.4)
(1.39836 3.67394e-17 0.4)
(1.47339 3.67394e-17 0.4)
(1.54842 3.67394e-17 0.4)
(1.62346 3.67394e-17 0.4)
(1.69849 3.67394e-17 0.4)
(1.77353 3.67394e-17 0.4)
(1.84856 3.67394e-17 0.4)
(1.9236 3.67394e-17 0.4)
(1.99863 3.67394e-17 0.4)
(2.07366 3.67394e-17 0.4)
(2.1487 3.67394e-17 0.4)
(2.22373 3.67394e-17 0.4)
(2.29877 3.67394e-17 0.4)
(2.3738 3.67394e-17 0.4)
(2.44884 3.67394e-17 0.4)
(2.52387 3.67394e-17 0.4)
(2.5989 3.67394e-17 0.4)
(2.67394 3.67394e-17 0.4)
(2.74897 3.67394e-17 0.4)
(2.82401 3.67394e-17 0.4)
(2.89904 3.67394e-17 0.4)
(2.97408 3.67394e-17 0.4)
(3.04911 3.67394e-17 0.4)
(3.12414 3.67394e-17 0.4)
(3.19918 3.67394e-17 0.4)
(3.27421 3.67394e-17 0.4)
(3.34925 3.67394e-17 0.4)
(3.42428 3.67394e-17 0.4)
(3.49932 3.67394e-17 0.4)
(3.57435 3.67394e-17 0.4)
(3.64938 3.67394e-17 0.4)
(3.72442 3.67394e-17 0.4)
(3.79945 3.67394e-17 0.4)
(3.87449 3.67394e-17 0.4)
(3.94952 3.67394e-17 0.4)
(4.02455 3.67394e-17 0.4)
(4.09959 3.67394e-17 0.4)
(4.17462 3.67394e-17 0.4)
(4.24966 3.67394e-17 0.4)
(4.32469 3.67394e-17 0.4)
(4.39973 3.67394e-17 0.4)
(4.47476 3.67394e-17 0.4)
(4.54979 3.67394e-17 0.4)
(4.62483 3.67394e-17 0.4)
(4.69986 3.67394e-17 0.4)
(4.7749 3.67394e-17 0.4)
(4.84993 3.67394e-17 0.4)
(4.92497 3.67394e-17 0.4)
(-5 -0.0176328 0.326521)
(-5 -0.0802624 0.261113)
(-5 -0.0571131 0.185537)
(-5 0.0186657 0.166985)
(-5 0.0773818 0.218726)
(-5 0.0636973 0.298848)
(-5 0.00052494 0.245054)
(-0.571937 -0.0989204 0.36276)
(-0.560119 -0.146228 0.283426)
(-0.578576 -0.144046 0.208158)
(-0.537522 -0.112039 0.150264)
(-0.54025 -0.0650295 0.114829)
(-0.543261 -0.0218351 0.101598)
(-0.544542 0.0215979 0.101563)
(-0.54188 0.0665378 0.115565)
(-0.538591 0.10335 0.141286)
(-0.534492 0.136199 0.187152)
(-0.533043 0.149904 0.244632)
(-0.527696 0.141417 0.300013)
(-4.74672 0.0624806 0.386368)
(-4.58981 0.0641993 0.385567)
(-4.43834 0.0644419 0.385452)
(-4.28802 0.0645971 0.385378)
(-4.13798 0.0646357 0.38536)
(-3.98783 0.0643612 0.38549)
(-3.83791 0.0636749 0.385814)
(-3.6876 0.0630362 0.386112)
(-3.53743 0.0635862 0.385856)
(-3.38741 0.0640686 0.385629)
(-3.23748 0.0638187 0.385747)
(-3.08733 0.0630006 0.386128)
(-2.93699 0.0628449 0.3862)
(-2.78695 0.0636237 0.385838)
(-2.63711 0.0640753 0.385626)
(-2.48715 0.0639511 0.385684)
(-2.33695 0.0637655 0.385772)
(-2.18687 0.0639631 0.385679)
(-2.03687 0.0641631 0.385584)
(-1.88681 0.0641879 0.385573)
(-1.7368 0.0642294 0.385553)
(-1.58676 0.0642757 0.385531)
(-1.43671 0.0643276 0.385506)
(-1.28664 0.0644532 0.385447)
(-1.13643 0.0648882 0.385239)
(-0.985665 0.0654085 0.384988)
(-0.833549 0.0659672 0.384716)
(-0.679129 0.0657555 0.384819)
(-0.598769 0.0639045 0.385706)
(-4.93088 -0.0991395 0.362567)
(-4.936 -0.148054 0.225915)
(-4.93665 -0.0660217 0.115311)
(-4.93865 0.0684629 0.116535)
(-4.93747 0.147741 0.224064)
(-4.90187 0.101622 0.360331)
(-4.86063 -0.0781418 0.378038)
(-4.78672 -0.0697578 0.382793)
(-4.71208 -0.0664147 0.384496)
(-4.63731 -0.0655154 0.384936)
(-4.56248 -0.0657541 0.38482)
(-4.48766 -0.0664119 0.384497)
(-4.41278 -0.0668768 0.384266)
(-4.33779 -0.0670295 0.38419)
(-4.26272 -0.0670146 0.384198)
(-4.18764 -0.066958 0.384226)
(-4.1126 -0.0668953 0.384257)
(-4.03762 -0.066804 0.384303)
(-3.96267 -0.0666555 0.384377)
(-3.88773 -0.066451 0.384478)
(-3.81274 -0.0662399 0.384582)
(-3.73767 -0.066113 0.384644)
(-3.66252 -0.0661549 0.384624)
(-3.58737 -0.0663705 0.384517)
(-3.51227 -0.0666514 0.384379)
(-3.43726 -0.0668367 0.384286)
(-3.36232 -0.0668293 0.38429)
(-3.28741 -0.066638 0.384385)
(-3.21249 -0.0663427 0.384531)
(-3.13749 -0.0660799 0.384661)
(-3.06238 -0.0660019 0.384699)
(-2.98721 -0.0661916 0.384606)
(-2.9121 -0.0666068 0.384401)
(-2.83716 -0.067183 0.384114)
(-2.76259 -0.0683133 0.383541)
(-2.68516 -0.0683 0.383548)
(-2.61131 -0.0673666 0.384021)
(-2.53665 -0.0670234 0.384193)
(-2.46175 -0.0668234 0.384293)
(-2.38673 -0.0667333 0.384338)
(-2.31164 -0.0667735 0.384318)
(-2.23655 -0.0669182 0.384246)
(-2.1615 -0.0670797 0.384165)
(-2.08647 -0.0671863 0.384112)
(-2.01145 -0.0672375 0.384086)
(-1.93642 -0.0672559 0.384077)
(-1.8614 -0.0672577 0.384076)
(-1.78638 -0.0672502 0.38408)
(-1.71137 -0.0672338 0.384088)
(-1.63637 -0.067206 0.384102)
(-1.56138 -0.067164 0.384123)
(-1.4864 -0.0671086 0.384151)
(-1.41143 -0.0670434 0.384183)
(-1.33648 -0.0669679 0.384221)
(-1.26158 -0.066869 0.38427)
(-1.18679 -0.0666968 0.384356)
(-1.11228 -0.06632 0.384542)
(-1.03829 -0.0654723 0.384957)
(-0.964932 -0.0639103 0.385704)
(-0.89103 -0.0627648 0.386237)
(-0.815037 -0.0642641 0.385536)
(-0.735332 -0.0678647 0.38377)
(-0.650019 -0.0619176 0.386624)
(-4.51389 0.064345 0.385498)
(-0.55597 0.112956 0.348696)
(-4.66671 0.0637664 0.385771)
(-4.83613 0.0587329 0.388023)
(-4.36312 0.0645342 0.385408)
(-4.21302 0.0646564 0.38535)
(-4.06286 0.0645141 0.385418)
(-3.91285 0.0640896 0.385619)
(-3.76278 0.0632289 0.386022)
(-3.61252 0.0632222 0.386026)
(-3.46241 0.0639191 0.385699)
(-3.31249 0.0640676 0.385629)
(-3.16241 0.0634152 0.385936)
(-3.01211 0.0627558 0.386241)
(-2.86195 0.063212 0.38603)
(-2.71201 0.063921 0.385699)
(-2.5621 0.0640263 0.385649)
(-2.41207 0.0638265 0.385743)
(-2.26185 0.0638011 0.385755)
(-2.11182 0.0640522 0.385637)
(-1.9618 0.0641485 0.385591)
(-1.81175 0.064162 0.385585)
(-1.66174 0.0642288 0.385553)
(-1.51169 0.0642606 0.385538)
(-1.36164 0.064323 0.385508)
(-1.21154 0.0646012 0.385376)
(-1.06112 0.0651089 0.385133)
(-0.909859 0.0655864 0.384902)
(-0.756624 0.0663964 0.384505)
(-4.94241 0.120062 0.160082)
(-4.93685 -0.120273 0.160365)
(-4.93386 -0.142063 0.298146)
(-4.93669 0.00195823 0.100013)
(-4.92231 0.143546 0.293526)
(-0.664646 -0.125521 0.332124)
(-0.582658 -0.0871814 0.127937)
(-0.649239 -0.149997 0.249075)
(-0.594159 -0.0471365 0.107599)
(-4.4772 0.116259 0.344784)
(-4.55326 0.116069 0.345015)
(-0.593739 0.14871 0.230373)
(-0.588584 0.143536 0.293558)
(-4.70944 0.114639 0.346736)
(-4.63042 0.115788 0.345357)
(-4.79473 0.111513 0.350323)
(-4.8729 0.0404621 0.10556)
(-4.10122 0.116601 0.344362)
(-4.3266 0.116624 0.344333)
(-3.95119 0.11627 0.34477)
(-4.17644 0.116713 0.344223)
(-3.80119 0.114928 0.346392)
(-4.02604 0.116443 0.344556)
(-3.65083 0.114358 0.347069)
(-2.82491 0.114988 0.346322)
(-3.50068 0.115507 0.345698)
(-3.87623 0.115714 0.345448)
(-3.35067 0.116004 0.345096)
(-3.57571 0.114881 0.346448)
(-3.20066 0.115325 0.345918)
(-4.40168 0.11646 0.344536)
(-3.0502 0.113999 0.34749)
(-3.27567 0.115818 0.345322)
(-2.89992 0.114297 0.34714)
(-3.12549 0.114602 0.346781)
(-2.67525 0.115898 0.345224)
(-2.52534 0.115811 0.34533)
(-2.37518 0.115436 0.345784)
(-2.22501 0.115627 0.345553)
(-2.07506 0.116 0.3451)
(-1.92496 0.116039 0.345052)
(-1.77494 0.116075 0.345008)
(-1.62498 0.116155 0.344911)
(-1.47495 0.116221 0.34483)
(-1.32487 0.116297 0.344737)
(-1.17485 0.116836 0.344071)
(-1.02382 0.117563 0.343161)
(-0.870944 0.117963 0.342654)
(-0.713234 0.119332 0.340884)
(-4.87174 -0.0280357 0.102643)
(-3.42563 0.115885 0.34524)
(-0.634462 0.116705 0.344234)
(-3.72593 0.114343 0.347086)
(-4.87367 -0.0907072 0.130534)
(-4.87094 -0.14998 0.252459)
(-4.86601 -0.131656 0.321879)
(-4.88911 0.134721 0.184043)
(-4.87391 -0.134943 0.184498)
(-2.97498 0.113865 0.347646)
(-0.596301 0.00122512 0.100005)
(-4.79569 -0.123206 0.335558)
(-4.72311 -0.118795 0.341585)
(-4.64962 -0.117467 0.343282)
(-4.57547 -0.11773 0.342949)
(-4.50103 -0.118796 0.341583)
(-4.42631 -0.119538 0.340613)
(-4.3513 -0.119757 0.340323)
(-4.27611 -0.119727 0.340363)
(-4.20091 -0.119654 0.34046)
(-4.12581 -0.119591 0.340543)
(-4.05083 -0.119497 0.340667)
(-3.97594 -0.11932 0.3409)
(-3.9011 -0.119037 0.34127)
(-3.82622 -0.118694 0.341715)
(-3.7512 -0.118425 0.342062)
(-3.676 -0.1184 0.342094)
(-3.6007 -0.118688 0.341723)
(-3.52548 -0.119146 0.341127)
(-3.45042 -0.119499 0.340664)
(-3.37548 -0.119566 0.340576)
(-3.30065 -0.119342 0.340871)
(-3.22588 -0.118906 0.341441)
(-3.15101 -0.118435 0.34205)
(-3.07592 -0.118191 0.342362)
(-3.00065 -0.118372 0.342131)
(-2.92535 -0.118931 0.341408)
(-2.85016 -0.119624 0.340499)
(-2.77502 -0.120241 0.339678)
(-2.69944 -0.120301 0.339597)
(-2.62438 -0.120123 0.339835)
(-2.54964 -0.119774 0.340301)
(-2.47481 -0.119474 0.340697)
(-2.39981 -0.119288 0.340942)
(-2.32467 -0.119302 0.340923)
(-2.24951 -0.119513 0.340646)
(-2.17443 -0.119773 0.340302)
(-2.09939 -0.119939 0.340081)
(-2.02437 -0.120017 0.339978)
(-1.94934 -0.120045 0.33994)
(-1.87431 -0.12005 0.339933)
(-1.79929 -0.120043 0.339942)
(-1.72429 -0.120027 0.339965)
(-1.64931 -0.119996 0.340006)
(-1.57436 -0.119945 0.340073)
(-1.49942 -0.119874 0.340167)
(-1.4245 -0.11979 0.340279)
(-1.3496 -0.119697 0.340402)
(-1.27473 -0.119593 0.34054)
(-1.19996 -0.119448 0.340731)
(-1.12548 -0.119162 0.341106)
(-1.05176 -0.118456 0.342023)
(-0.979686 -0.116727 0.344206)
(-0.909917 -0.113377 0.348212)
(-0.837323 -0.113539 0.348025)
(-0.761405 -0.119563 0.34058)
(-0.588946 0.0931941 0.132463)
(-0.595162 0.0500879 0.10861)
(-0.587981 0.129424 0.174175)
(-4.25163 0.116744 0.344185)
(-0.652617 -0.131711 0.178222)
(-4.87911 0.0986075 0.136967)
(-2.75013 0.11558 0.34561)
(-2.45037 0.11561 0.345573)
(-2.6003 0.115932 0.345183)
(-2.29996 0.115414 0.34581)
(-2.14994 0.115816 0.345324)
(-1.99999 0.116027 0.345067)
(-1.84989 0.116034 0.345058)
(-1.70004 0.116144 0.344924)
(-1.54994 0.116169 0.344894)
(-1.39992 0.116252 0.344791)
(-1.24992 0.116506 0.34448)
(-1.09945 0.117129 0.343706)
(-0.947752 0.117752 0.342921)
(-0.792914 0.11854 0.341914)
(-4.86389 0.149419 0.236813)
(-4.83472 0.14199 0.298362)
(-0.600378 -0.118667 0.15825)
(-0.71564 -0.141388 0.199907)
(-0.910084 0.146528 0.282088)
(-0.646485 -0.0841931 0.125857)
(-0.665473 0.148019 0.274299)
(-4.21562 0.14605 0.284198)
(-1.66368 0.145707 0.285631)
(-0.752395 0.147032 0.279691)
(-3.91475 0.145728 0.285545)
(-4.74968 0.144339 0.29082)
(-4.59312 0.145541 0.286303)
(-1.96345 0.14563 0.285943)
(-4.29064 0.146026 0.284299)
(-4.80747 -0.0553109 0.11057)
(-4.81066 0.0810635 0.123791)
(-3.1638 0.144993 0.288432)
(-2.8634 0.14475 0.289339)
(-2.41389 0.145277 0.287342)
(-2.48882 0.145424 0.286769)
(-2.56393 0.145583 0.286131)
(-2.63882 0.145614 0.286008)
(-2.26339 0.145278 0.287342)
(-2.11359 0.145585 0.286125)
(-2.03855 0.145632 0.285934)
(-2.71404 0.145549 0.28627)
(-1.81344 0.145649 0.285868)
(-1.73853 0.145672 0.285771)
(-4.82645 0.129196 0.173788)
(-1.51366 0.145742 0.285485)
(-1.36358 0.145776 0.285346)
(-1.21379 0.145974 0.284521)
(-1.06287 0.146362 0.282834)
(-0.986641 0.146565 0.281916)
(-0.832193 0.146577 0.281861)
(-4.81123 -0.143737 0.207107)
(-2.78873 0.145257 0.287423)
(-4.80342 -0.148395 0.271886)
(-0.727262 -0.148333 0.272298)
(-2.93813 0.144224 0.291224)
(-0.651383 -0.0266518 0.102387)
(-4.81316 -0.110972 0.149078)
(-4.73342 -0.146498 0.282222)
(-4.66255 -0.145814 0.285188)
(-4.58982 -0.145847 0.28505)
(-4.51615 -0.146615 0.281685)
(-4.44166 -0.147092 0.279393)
(-4.36645 -0.147201 0.27884)
(-4.29095 -0.147175 0.278976)
(-4.21549 -0.147138 0.279164)
(-4.14024 -0.147116 0.279273)
(-4.06518 -0.147086 0.279422)
(-3.9903 -0.147015 0.279777)
(-3.91556 -0.146875 0.280457)
(-3.84088 -0.146666 0.281451)
(-3.76605 -0.146447 0.282453)
(-3.69087 -0.146355 0.282866)
(-3.61543 -0.146495 0.282238)
(-3.54004 -0.146797 0.280834)
(-3.46485 -0.147054 0.279581)
(-3.38979 -0.147139 0.279158)
(-3.31493 -0.147058 0.27956)
(-3.2403 -0.146825 0.280698)
(-3.16571 -0.146498 0.282225)
(-3.09082 -0.146248 0.283339)
(-3.01553 -0.146275 0.28322)
(-2.94007 -0.146592 0.281794)
(-2.86467 -0.146991 0.279893)
(-2.78935 -0.147275 0.278463)
(-2.71398 -0.147355 0.278044)
(-2.63878 -0.147322 0.278219)
(-2.56384 -0.14721 0.278794)
(-2.48904 -0.147055 0.279576)
(-2.41411 -0.146913 0.280273)
(-2.33892 -0.146881 0.280428)
(-2.26367 -0.147001 0.279843)
(-2.18857 -0.147171 0.278996)
(-2.11352 -0.147269 0.278494)
(-2.03847 -0.147311 0.278273)
(-1.96343 -0.147328 0.278188)
(-1.88838 -0.147331 0.278173)
(-1.81335 -0.147328 0.278185)
(-1.73835 -0.147322 0.278217)
(-1.66339 -0.147311 0.278276)
(-1.58846 -0.14729 0.278382)
(-1.51357 -0.147258 0.278551)
(-1.4387 -0.147218 0.278754)
(-1.36386 -0.147173 0.278984)
(-1.28901 -0.147127 0.279217)
(-1.21416 -0.147073 0.279487)
(-1.13938 -0.146996 0.279872)
(-1.06498 -0.146823 0.280706)
(-0.991984 -0.146321 0.283018)
(-0.923243 -0.144757 0.289312)
(-0.864106 -0.140481 0.302583)
(-0.800751 -0.145584 0.286129)
(-3.01329 0.144077 0.291736)
(-4.80514 0.0134917 0.100608)
(-4.67005 0.14546 0.286624)
(-3.98967 0.145897 0.284844)
(-3.4646 0.145509 0.28643)
(-4.14018 0.145997 0.284423)
(-3.8398 0.145236 0.287505)
(-4.51654 0.145596 0.286079)
(-1.58851 0.145698 0.285668)
(-0.650036 0.141868 0.201282)
(-4.06472 0.145927 0.284718)
(-3.61453 0.144626 0.28979)
(-4.3656 0.145942 0.284653)
(-4.44099 0.145821 0.285162)
(-3.239 0.145421 0.28678)
(-3.31422 0.145633 0.285932)
(-3.08867 0.144434 0.290481)
(-2.18859 0.145463 0.286611)
(-2.33858 0.145191 0.287677)
(-1.88862 0.145666 0.285796)
(-1.43863 0.14576 0.285414)
(-1.28871 0.145847 0.285052)
(-1.13863 0.146169 0.283682)
(-3.38937 0.145654 0.285847)
(-3.68939 0.144345 0.290798)
(-3.76472 0.144618 0.289821)
(-0.649423 0.0299931 0.103029)
(-0.646101 0.079203 0.122615)
(-3.53961 0.145137 0.287886)
(-3.05179 0.148428 0.228338)
(-4.25556 0.146284 0.216819)
(-4.73783 -0.016817 0.100946)
(-1.10318 0.146031 0.215724)
(-0.720595 0.144481 0.209684)
(-1.47797 0.146669 0.218565)
(-3.12692 0.147828 0.224563)
(-3.87839 0.146766 0.21902)
(-1.17868 0.146277 0.216789)
(-1.62805 0.146727 0.218835)
(-4.75919 -0.126411 0.169252)
(-1.55283 0.146723 0.218815)
(-0.633604 0.11581 0.154669)
(-1.25336 0.146495 0.217763)
(-2.52796 0.146922 0.219769)
(-4.70894 0.146673 0.218581)
(-2.60295 0.1468 0.219181)
(-2.90243 0.148123 0.226346)
(-2.15296 0.146911 0.219714)
(-0.713842 -0.1027 0.140671)
(-1.70285 0.146752 0.218952)
(-1.92789 0.14678 0.219088)
(-1.3283 0.146576 0.218133)
(-2.37774 0.147416 0.22228)
(-2.75393 0.146974 0.220024)
(-4.74308 -0.147017 0.220236)
(-2.97663 0.148562 0.229279)
(-2.22774 0.147145 0.220874)
(-4.74557 -0.0833387 0.125282)
(-4.6771 -0.147413 0.222261)
(-4.6074 -0.147907 0.225032)
(-4.53533 -0.146598 0.218234)
(-4.46104 -0.145598 0.213927)
(-4.38503 -0.145434 0.21327)
(-4.30879 -0.145517 0.213602)
(-4.23285 -0.145588 0.213888)
(-4.15731 -0.14561 0.213976)
(-4.08209 -0.145631 0.214059)
(-4.0071 -0.14571 0.214382)
(-3.93235 -0.145902 0.215178)
(-3.85783 -0.146245 0.216648)
(-3.78338 -0.146681 0.21862)
(-3.70851 -0.146981 0.220057)
(-3.63302 -0.146883 0.219579)
(-3.55746 -0.146355 0.217131)
(-3.48216 -0.145764 0.214602)
(-3.40678 -0.145515 0.213595)
(-3.33155 -0.145562 0.213784)
(-3.25683 -0.145907 0.215197)
(-3.18262 -0.146511 0.217835)
(-3.10826 -0.14707 0.220499)
(-3.03326 -0.147206 0.221184)
(-2.95784 -0.146791 0.219139)
(-2.8823 -0.146063 0.215861)
(-2.80681 -0.145448 0.213327)
(-2.73117 -0.145237 0.212502)
(-2.65565 -0.145247 0.212538)
(-2.58042 -0.145392 0.213104)
(-2.5056 -0.145654 0.214156)
(-2.43088 -0.146001 0.215595)
(-2.35572 -0.146186 0.216388)
(-2.28037 -0.145985 0.215527)
(-2.20532 -0.145575 0.213836)
(-2.13024 -0.145364 0.212994)
(-2.05514 -0.145277 0.212656)
(-1.98006 -0.145239 0.212508)
(-1.90497 -0.145234 0.212488)
(-1.82991 -0.145238 0.212505)
(-1.7549 -0.145247 0.212541)
(-1.67994 -0.145261 0.212595)
(-1.60504 -0.145288 0.212698)
(-1.53018 -0.145345 0.21292)
(-1.45539 -0.145409 0.213175)
(-1.38062 -0.145492 0.213501)
(-1.30586 -0.145569 0.213809)
(-1.231 -0.145659 0.214176)
(-1.15598 -0.145761 0.214592)
(-1.08062 -0.145908 0.215205)
(-1.00475 -0.146242 0.216636)
(-0.928751 -0.147264 0.221481)
(-0.857825 -0.149656 0.239854)
(-0.785819 -0.146352 0.21712)
(-2.6785 0.146797 0.21917)
(-2.45317 0.147182 0.221063)
(-1.77766 0.14679 0.219132)
(-4.55603 0.147238 0.221345)
(-4.78706 0.148501 0.228846)
(-0.691078 0.114951 0.153634)
(-0.873061 0.146062 0.215854)
(-3.95366 0.146457 0.217592)
(-3.4295 0.14677 0.21904)
(-4.1803 0.146311 0.21694)
(-4.75338 0.120154 0.160206)
(-4.3307 0.146326 0.217006)
(-3.80369 0.147638 0.223485)
(-3.20232 0.147232 0.221314)
(-3.57964 0.147684 0.22374)
(-3.27801 0.14685 0.219423)
(-1.40324 0.146616 0.218319)
(-4.73773 0.0588679 0.112034)
(-1.02693 0.14568 0.214259)
(-0.707322 0.0650196 0.114824)
(-2.30268 0.147382 0.222099)
(-1.85296 0.146767 0.219027)
(-2.82878 0.147428 0.222342)
(-3.35372 0.146717 0.21879)
(-3.65376 0.148263 0.227236)
(-4.10449 0.146407 0.217367)
(-0.716701 -0.0471587 0.107606)
(-2.07791 0.146814 0.219249)
(-4.63262 0.146758 0.218984)
(-0.949458 0.145247 0.21254)
(-0.794923 0.145738 0.214499)
(-2.00272 0.146807 0.219216)
(-3.50484 0.147087 0.22058)
(-4.48137 0.146741 0.218902)
(-0.772635 -0.120119 0.160159)
(-4.22167 0.116529 0.155549)
(-4.59372 0.123754 0.165236)
(-1.59353 0.118202 0.157651)
(-1.818 0.11844 0.157956)
(-4.69059 -0.117879 0.157239)
(-2.87057 0.122141 0.162928)
(-4.02903 0.146412 0.217389)
(-4.40585 0.146482 0.217704)
(-4.66514 0.0259589 0.102263)
(-1.14495 0.116179 0.155119)
(-2.41816 0.121139 0.161539)
(-1.29425 0.117419 0.156658)
(-4.66838 0.107244 0.145125)
(-2.26774 0.120767 0.161032)
(-1.4433 0.117837 0.157187)
(-3.08898 0.12477 0.166738)
(-2.49276 0.11918 0.158917)
(-1.89336 0.11835 0.157841)
(-0.795624 -0.0676879 0.116141)
(-1.36885 0.117605 0.156892)
(-3.72856 0.14831 0.227548)
(-1.66822 0.118235 0.157693)
(-4.67394 -0.0540421 0.110073)
(-0.701007 0.00839765 0.100235)
(-4.62915 -0.129977 0.175126)
(-4.56234 -0.122293 0.163142)
(-4.48797 -0.116833 0.155926)
(-4.40893 -0.11664 0.155687)
(-4.33107 -0.117111 0.156272)
(-4.25436 -0.117383 0.156612)
(-4.17842 -0.117412 0.156648)
(-4.10295 -0.117387 0.156617)
(-4.02771 -0.117507 0.156769)
(-3.95269 -0.117949 0.157328)
(-3.87805 -0.119016 0.158703)
(-3.80391 -0.120918 0.161237)
(-3.72992 -0.123109 0.164302)
(-3.65492 -0.123649 0.165083)
(-3.57936 -0.121366 0.161851)
(-3.50425 -0.11817 0.157611)
(-3.42824 -0.116975 0.156102)
(-3.3521 -0.116793 0.155876)
(-3.27643 -0.117447 0.156694)
(-3.20224 -0.119717 0.159623)
(-3.12884 -0.12304 0.164203)
(-3.05492 -0.124825 0.166821)
(-2.98037 -0.123505 0.164874)
(-2.90493 -0.120205 0.160275)
(-2.82932 -0.117048 0.156193)
(-2.75286 -0.116198 0.155142)
(-2.67664 -0.116075 0.154992)
(-2.60072 -0.116411 0.155403)
(-2.52548 -0.116971 0.156097)
(-2.45116 -0.118549 0.158097)
(-2.37642 -0.120282 0.160378)
(-2.30095 -0.119788 0.159718)
(-2.22631 -0.117459 0.156708)
(-2.15107 -0.1166 0.155636)
(-2.07579 -0.116304 0.155272)
(-2.00065 -0.116121 0.155048)
(-1.92545 -0.116116 0.155042)
(-1.85032 -0.116134 0.155063)
(-1.77526 -0.116165 0.155102)
(-1.7003 -0.116203 0.155148)
(-1.62546 -0.116213 0.155161)
(-1.55057 -0.116429 0.155426)
(-1.47587 -0.116581 0.155613)
(-1.40117 -0.116895 0.156002)
(-1.32661 -0.11711 0.15627)
(-1.25188 -0.117447 0.156694)
(-1.17695 -0.117818 0.157162)
(-1.10149 -0.118281 0.157753)
(-1.02467 -0.118959 0.158628)
(-0.944277 -0.120331 0.160443)
(-0.853489 -0.12526 0.167478)
(-2.34245 0.12201 0.162745)
(-2.56778 0.118385 0.157886)
(-1.74306 0.118319 0.157802)
(-1.21979 0.116911 0.156022)
(-0.764925 0.106502 0.144372)
(-0.770331 0.0197181 0.101302)
(-3.3955 0.117902 0.157269)
(-4.14582 0.11681 0.155897)
(-4.29694 0.116391 0.155379)
(-3.16503 0.121276 0.161728)
(-2.72011 0.11852 0.15806)
(-3.24166 0.118953 0.15862)
(-0.835414 0.122222 0.163041)
(-1.51838 0.118078 0.157492)
(-2.79637 0.119538 0.159387)
(-1.06934 0.115198 0.15393)
(-2.11866 0.118519 0.158058)
(-3.54735 0.120558 0.160748)
(-4.52425 0.118984 0.158661)
(-2.19382 0.119119 0.158837)
(-3.31851 0.118107 0.15753)
(-3.62097 0.124215 0.165913)
(-2.94193 0.126981 0.170151)
(-3.91786 0.116951 0.156072)
(-0.908676 0.109316 0.147287)
(-2.64373 0.118204 0.157654)
(-3.01541 0.128295 0.172281)
(-3.47167 0.118402 0.157908)
(-1.96826 0.118368 0.157864)
(-3.84106 0.118326 0.15781)
(-1.56042 0.065184 0.114904)
(-2.04324 0.118413 0.157921)
(-1.63495 0.0651083 0.114867)
(-2.16162 0.0656865 0.115147)
(-2.23652 0.0667578 0.115674)
(-4.58359 0.0660515 0.115326)
(-1.26194 0.0628442 0.113799)
(-0.85089 -0.00515832 0.100089)
(-4.6121 -0.0877527 0.128347)
(-2.38396 0.0750007 0.120097)
(-0.834761 0.070455 0.117576)
(-3.9942 0.116824 0.155914)
(-2.84298 0.067928 0.116262)
(-1.85983 0.0654465 0.115031)
(-4.52655 -0.0639055 0.114294)
(-4.43799 -0.0660902 0.115345)
(-4.35775 -0.0674748 0.116033)
(-4.2803 -0.0680041 0.116301)
(-4.20402 -0.0679824 0.11629)
(-4.12828 -0.0677837 0.116189)
(-4.05269 -0.0678002 0.116197)
(-3.97718 -0.0681574 0.116379)
(-3.90177 -0.0693267 0.116982)
(-3.82712 -0.0725413 0.118707)
(-3.75369 -0.0781887 0.12199)
(-3.68136 -0.0836501 0.12549)
(-3.60665 -0.079991 0.123109)
(-3.53291 -0.0695937 0.117121)
(-3.45527 -0.0670993 0.115845)
(-3.37766 -0.066435 0.115514)
(-3.30022 -0.0666009 0.115596)
(-3.22329 -0.0682133 0.116408)
(-3.15112 -0.0771947 0.121388)
(-3.07913 -0.084849 0.126304)
(-3.00864 -0.0841737 0.125844)
(-2.93406 -0.0774051 0.121515)
(-2.85902 -0.0671185 0.115854)
(-2.77977 -0.0657981 0.115202)
(-2.70285 -0.0653064 0.114963)
(-2.62537 -0.0659363 0.115269)
(-2.54946 -0.0661328 0.115365)
(-2.47402 -0.0671135 0.115852)
(-2.40106 -0.0745444 0.119834)
(-2.32585 -0.0764596 0.12095)
(-2.25301 -0.0680024 0.1163)
(-2.17674 -0.0664298 0.115512)
(-2.10073 -0.0659952 0.115298)
(-2.02589 -0.0654692 0.115042)
(-1.95029 -0.0655463 0.115079)
(-1.87501 -0.0655712 0.115091)
(-1.79986 -0.0656356 0.115122)
(-1.7247 -0.0657744 0.11519)
(-1.65043 -0.0654485 0.115032)
(-1.57495 -0.0661032 0.115351)
(-1.50079 -0.0660317 0.115316)
(-1.42564 -0.0668275 0.115709)
(-1.35177 -0.0669488 0.115769)
(-1.27705 -0.0676383 0.116116)
(-1.20241 -0.0682916 0.116448)
(-1.12745 -0.0691967 0.116914)
(-1.05175 -0.0704084 0.117551)
(-0.973863 -0.0720506 0.118437)
(-0.889831 -0.072695 0.118792)
(-2.30838 0.0738776 0.119455)
(-2.53354 0.0651057 0.114866)
(-0.992226 0.113521 0.151954)
(-2.45787 0.0673359 0.115963)
(-1.70954 0.0650716 0.114849)
(-4.18883 0.0626285 0.1137)
(-4.26428 0.0615772 0.113222)
(-3.12511 0.0743723 0.119736)
(-2.68691 0.0652688 0.114945)
(-2.0857 0.0652415 0.114931)
(-3.96055 0.0625741 0.113675)
(-4.06995 0.116984 0.156113)
(-3.20424 0.0668359 0.115713)
(-4.37229 0.116755 0.155828)
(-1.18771 0.0623784 0.113585)
(-1.93481 0.0653707 0.114994)
(-2.76499 0.0660567 0.115328)
(-3.0475 0.0828253 0.12494)
(-3.88192 0.0619302 0.113381)
(-1.11294 0.0609133 0.112925)
(-3.51806 0.0655675 0.115089)
(-3.36192 0.0645344 0.114592)
(-3.76779 0.124989 0.167068)
(-3.28345 0.065049 0.114839)
(-1.33621 0.0636875 0.114192)
(-3.59343 0.0725793 0.118728)
(-4.59963 -0.0200859 0.101351)
(-3.69333 0.12755 0.171064)
(-2.91804 0.0755508 0.120416)
(-1.48523 0.0647178 0.11468)
(-1.785 0.0655276 0.11507)
(-1.41025 0.0639407 0.114311)
(-2.60954 0.0646282 0.114637)
(-3.43949 0.0640676 0.114371)
(-4.44829 0.117775 0.157108)
(-2.98147 0.0921645 0.131654)
(-1.82897 -0.000355664 0.1)
(-2.20756 -0.00106234 0.100004)
(-4.49404 0.0671781 0.115884)
(-3.16375 -0.00116964 0.100005)
(-1.52883 -0.00169286 0.10001)
(-2.0102 0.0653559 0.114987)
(-0.898224 0.0468902 0.107517)
(-2.4196 -0.000594809 0.100001)
(-2.73261 -0.000983765 0.100003)
(-1.60423 -0.00085083 0.100002)
(-4.03687 0.062951 0.113849)
(-4.46318 -0.00101164 0.100003)
(-2.50077 -0.00123654 0.100005)
(-2.81337 -0.000177149 0.1)
(-4.38606 -0.00398911 0.100053)
(-4.30938 -0.0047562 0.100075)
(-4.23316 -0.00469163 0.100073)
(-4.15741 -0.00416334 0.100058)
(-4.08138 -0.00412508 0.100057)
(-4.00546 -0.00419394 0.100059)
(-3.92912 -0.00481833 0.100077)
(-3.85203 -0.00667999 0.100149)
(-3.77689 -0.0152217 0.100774)
(-3.70474 -0.0276165 0.102564)
(-3.64073 -0.0367566 0.104573)
(-3.57251 -0.00470738 0.100074)
(-3.48725 -0.00315138 0.100033)
(-3.40789 -0.00239891 0.100019)
(-3.32902 -0.00222519 0.100017)
(-3.24934 -0.00201386 0.100014)
(-3.03726 -0.0312765 0.103297)
(-2.97171 -0.0329022 0.103653)
(-2.90131 -0.000161181 0.1)
(-2.57764 -0.00187372 0.100012)
(-2.2869 -0.00290691 0.100028)
(-2.05412 -0.00142858 0.100007)
(-1.9786 -0.00131375 0.100006)
(-1.90327 -0.00130109 0.100006)
(-1.6786 -0.00124631 0.100005)
(-1.37964 -0.00293381 0.100029)
(-1.30537 -0.00365458 0.100045)
(-1.23126 -0.0041921 0.100059)
(-1.15658 -0.00542477 0.100098)
(-1.08195 -0.00695786 0.100161)
(-1.00724 -0.00936406 0.100293)
(-0.931555 -0.0124228 0.100515)
(-4.53351 0.00920357 0.100283)
(-3.79773 0.0627352 0.113749)
(-1.03843 0.0589984 0.11209)
(-2.13017 -0.00155765 0.100008)
(-0.965286 0.0554228 0.110615)
(-4.34009 0.0617176 0.113285)
(-4.11286 0.0627595 0.11376)
(-2.65462 -0.00159832 0.100009)
(-1.45376 -0.00255036 0.100022)
(-3.66548 0.0828506 0.124957)
(-1.75319 -0.00135377 0.100006)
(-4.4163 0.0631384 0.113936)
(-2.34973 0.0261158 0.102291)
(-3.10308 -0.0353294 0.10422)
(-2.35592 -0.0302782 0.103088)
(-3.07782 0.0236919 0.101883)
(-2.9901 0.0312471 0.103291)
(-3.64828 0.0228209 0.101746)
(-3.73006 0.0907188 0.130542)
(-3.72118 0.0353898 0.104235)
(0.398818 0.02854 1.5)
(0.378003 0.208305 1.5)
(0.247325 0.320103 1.5)
(0.104556 0.414512 1.5)
(-0.0664093 0.404755 1.5)
(-0.212978 0.348823 1.5)
(-0.348254 0.242688 1.5)
(-0.398015 0.077351 1.5)
(-0.400942 -0.0806432 1.5)
(-0.352417 -0.245101 1.5)
(-0.215309 -0.347925 1.5)
(-0.0662448 -0.400499 1.5)
(0.106128 -0.411491 1.5)
(0.252585 -0.320517 1.5)
(0.356169 -0.193446 1.5)
(0.393945 -0.0864618 1.5)
(0.39208 0.125452 1.5)
(0.317681 0.264113 1.5)
(0.173082 0.37004 1.5)
(0.0217125 0.409674 1.5)
(-0.148719 0.401129 1.5)
(-0.282147 0.293217 1.5)
(-0.371104 0.162352 1.5)
(-0.425521 -0.00117605 1.5)
(-0.375894 -0.165848 1.5)
(-0.286361 -0.2947 1.5)
(-0.149304 -0.398721 1.5)
(0.022719 -0.405078 1.5)
(0.176381 -0.36718 1.5)
(0.324214 -0.275943 1.5)
(0.308661 0.0747848 1.5)
(0.151768 0.272584 1.5)
(0.0777746 0.329486 1.5)
(-0.0199657 0.314138 1.5)
(-0.118073 0.318576 1.5)
(-0.187607 0.246419 1.5)
(-0.271206 0.189933 1.5)
(-0.289513 0.088421 1.5)
(-0.333786 -0.00392855 1.5)
(-0.299493 -0.0983367 1.5)
(-0.282242 -0.196125 1.5)
(-0.196903 -0.246524 1.5)
(-0.120437 -0.311941 1.5)
(-0.0189344 -0.30353 1.5)
(0.0825379 -0.321962 1.5)
(0.163797 -0.264303 1.5)
(0.255104 -0.220502 1.5)
(0.279299 -0.123819 1.5)
(0.231453 0.222304 1.5)
(0.30718 0.169025 1.5)
(0.301163 -0.0244463 1.5)
(0.228652 0.128212 1.5)
(0.0415383 0.218531 1.5)
(-0.0807716 0.21966 1.5)
(-0.167736 0.121706 1.5)
(-0.215449 -0.0137516 1.5)
(-0.201728 -0.140001 1.5)
(-0.0891622 -0.197963 1.5)
(0.0524224 -0.203748 1.5)
(0.170493 -0.160006 1.5)
(0.142887 0.175931 1.5)
(0.196068 -0.0605275 1.5)
(0.220012 0.0331898 1.5)
(-0.0932898 0.0117249 1.5)
(-0.0388108 0.114429 1.5)
(-0.0234615 -0.0941331 1.5)
(0.0870167 -0.0860109 1.5)
(-0.124331 -0.0862103 1.5)
(0.154258 0.0897736 1.5)
(0.0665683 0.103918 1.5)
(0.0171446 0.0090535 1.5)
(0.120288 0.010226 1.5)
(-0.472949 -0.0185825 0.1)
(-0.461788 -0.05161 0.1)
(-0.448459 -0.0916025 0.1)
(-0.435259 -0.133456 0.1)
(-0.319151 -0.241294 0.1)
(-0.254687 -0.307294 0.1)
(-0.185094 -0.377604 0.1)
(-0.0842479 -0.382716 0.1)
(0.0148488 -0.382555 0.1)
(0.11364 -0.376733 0.1)
(0.213277 -0.365234 0.1)
(0.280604 -0.293103 0.1)
(0.342371 -0.228064 0.1)
(0.435526 -0.143524 0.1)
(0.444863 -0.100415 0.1)
(0.450037 -0.0528495 0.1)
(0.454713 -0.00875479 0.1)
(0.461284 0.0384316 0.1)
(0.431731 0.0862062 0.1)
(0.387621 0.145115 0.1)
(0.334206 0.220796 0.1)
(0.282398 0.310582 0.1)
(0.185421 0.345427 0.1)
(0.0861981 0.376933 0.1)
(-0.0192685 0.406785 0.1)
(-0.119809 0.342096 0.1)
(-0.240622 0.332744 0.1)
(-0.303084 0.253177 0.1)
(-0.36301 0.183404 0.1)
(-0.436721 0.0970548 0.1)
(-0.45539 0.0534633 0.1)
(-0.466038 0.015329 0.1)
(-0.37859 -0.176699 0.1)
(0.397139 -0.179379 0.1)
(-0.423578 0.142844 0.1)
(-0.407906 -0.0556513 0.1)
(0.306994 -0.136105 0.1)
(0.384476 -0.121913 0.1)
(-0.143815 -0.286437 0.1)
(-0.0389048 -0.273597 0.1)
(0.0661028 -0.271993 0.1)
(0.171467 -0.279086 0.1)
(0.237603 -0.200936 0.1)
(0.347889 0.0723235 0.1)
(0.403312 -0.0713168 0.1)
(0.400388 -0.0250927 0.1)
(0.407058 0.0284773 0.1)
(0.26815 0.12137 0.1)
(0.221292 0.230417 0.1)
(0.114078 0.257621 0.1)
(0.00397747 0.290135 0.1)
(-0.3939 0.0549512 0.1)
(-0.181653 0.232604 0.1)
(-0.244615 0.15874 0.1)
(-0.270373 -0.152534 0.1)
(-0.435927 -0.016102 0.1)
(-0.206917 -0.209471 0.1)
(-0.387798 -0.104643 0.1)
(-0.370938 0.10635 0.1)
(-0.0701729 0.197167 0.1)
(-0.42651 0.0218616 0.1)
(-0.301522 0.107216 0.1)
(0.130797 -0.176087 0.1)
(-0.102884 -0.172952 0.1)
(0.151544 0.141292 0.1)
(0.0135933 -0.148712 0.1)
(0.272579 -0.0102302 0.1)
(0.346157 -0.0612972 0.1)
(0.351782 0.000416853 0.1)
(-0.343081 -0.0478758 0.1)
(0.0416979 0.167302 0.1)
(-0.325467 -0.11061 0.1)
(-0.138757 0.0856027 0.1)
(0.205248 -0.0942139 0.1)
(-0.382166 -0.000349158 0.1)
(-0.177352 -0.0755936 0.1)
(0.179883 0.0246536 0.1)
(-0.323864 0.0328756 0.1)
(0.106377 -0.0634719 0.1)
(-0.267532 -0.0509368 0.1)
(-0.0269871 0.0711071 0.1)
(-0.0746348 -0.046837 0.1)
(0.0796246 0.0521811 0.1)
(-0.233408 0.0455752 0.1)
(0.0182982 -0.0281476 0.1)
(5 -0.0176259 0.326467)
(5 -0.0802585 0.261092)
(5 -0.0571085 0.185513)
(5 0.0186707 0.166963)
(5 0.0773788 0.218702)
(5 0.0636986 0.29879)
(5 0.00053283 0.244997)
(0.492921 -0.0838381 0.533561)
(0.492077 -0.0886561 0.728814)
(0.492303 -0.0873945 0.933877)
(0.49226 -0.0876372 1.13722)
(0.492742 -0.0848824 1.33027)
(0.49313 -0.0826003 1.4196)
(0.478147 -0.146204 0.398584)
(0.461479 -0.19245 0.325085)
(0.45542 -0.20638 0.240105)
(-0.477355 -0.14877 0.14134)
(-0.409376 -0.287073 0.202427)
(-0.260923 -0.42652 0.190675)
(-0.077056 -0.494027 0.188472)
(0.119366 -0.485543 0.191824)
(0.298647 -0.401011 0.19718)
(0.424135 -0.264781 0.183126)
(0.430354 0.25455 0.168308)
(0.302239 0.398311 0.1864)
(0.12371 0.484454 0.187783)
(-0.0718679 0.494808 0.187711)
(-0.254136 0.430598 0.188931)
(-0.394722 0.306912 0.187515)
(-0.47207 0.164771 0.152821)
(0.457131 0.202561 0.222431)
(0.452092 0.213571 0.299712)
(0.476696 0.150866 0.422369)
(0.494348 0.074965 0.457732)
(0.493385 0.0810612 0.550533)
(0.493146 0.0825073 0.64828)
(0.493185 0.0822684 0.748263)
(0.493414 0.0808894 0.848697)
(0.493795 0.0785277 0.948545)
(0.494289 0.0753521 1.04681)
(0.495056 0.0701391 1.14131)
(0.494745 0.0723023 1.23549)
(0.493353 0.0812567 1.32484)
(0.491954 0.0893405 1.41354)
(0.466072 0.181043 1.42198)
(0.422193 0.267868 1.42718)
(0.361218 0.345719 1.43117)
(0.285132 0.41073 1.43244)
(0.197711 0.45925 1.43127)
(0.102361 0.48941 1.43)
(0.00248392 0.499994 1.42931)
(-0.0979609 0.49031 1.42904)
(-0.194678 0.460544 1.42892)
(-0.283475 0.411876 1.42886)
(-0.360617 0.346346 1.42885)
(-0.422958 0.266658 1.42893)
(-0.467974 0.17607 1.42906)
(-0.493831 0.0783026 1.42917)
(-0.499489 -0.0226092 1.42926)
(-0.484751 -0.12254 1.42935)
(-0.450237 -0.217455 1.42947)
(-0.397345 -0.303508 1.4296)
(-0.328238 -0.377173 1.42971)
(-0.245758 -0.435434 1.42981)
(-0.153275 -0.475927 1.42989)
(-0.0545915 -0.497011 1.42988)
(0.0461767 -0.497863 1.42976)
(0.145061 -0.478495 1.42946)
(0.239589 -0.438859 1.42669)
(0.32137 -0.383042 1.42624)
(0.390615 -0.312121 1.42733)
(0.441971 -0.233799 1.42627)
(0.474648 -0.157192 1.44159)
(-0.497616 -0.0487642 0.453924)
(-0.481407 -0.135082 0.4127)
(-0.462961 -0.188857 0.337831)
(-0.452265 -0.213206 0.247363)
(-0.458515 0.199408 0.230827)
(-0.461339 0.192786 0.323675)
(-0.479745 0.140871 0.419708)
(-0.49827 0.0415594 0.456008)
(0.494458 -0.0742356 0.450149)
(0.492158 -0.0882065 0.628483)
(0.492209 -0.0879226 0.831027)
(0.492297 -0.0874286 1.03621)
(0.492326 -0.0872622 1.23595)
(-0.456066 -0.204948 0.163951)
(-0.340395 -0.36624 0.195273)
(-0.172236 -0.469398 0.188726)
(0.0212268 -0.499549 0.189527)
(0.213332 -0.452205 0.194805)
(0.370696 -0.335537 0.19604)
(0.457838 -0.200958 0.16373)
(0.47599 -0.15308 0.144475)
(0.374206 0.331617 0.17974)
(0.217226 0.450348 0.188085)
(0.02619 0.499314 0.187698)
(-0.166329 0.471524 0.188165)
(-0.331312 0.374476 0.189738)
(-0.441033 0.235562 0.172405)
(0.466686 0.179454 0.155353)
(0.46948 -0.172013 0.879687)
(0.469221 -0.172719 1.08499)
(0.468809 -0.173832 1.28002)
(-0.209096 0.454179 0.276941)
(0.443665 -0.230568 0.402496)
(0.471235 -0.167147 1.36687)
(0.468674 -0.174198 0.571971)
(0.41432 0.279892 0.247828)
(-0.0209706 0.49956 0.275149)
(-0.0252983 -0.49936 0.277068)
(-0.296766 -0.402405 0.283606)
(0.17175 -0.469576 0.286188)
(-0.121751 -0.48495 0.276246)
(0.346343 -0.36062 0.297549)
(0.0735349 -0.494563 0.280399)
(0.268378 0.421869 0.276453)
(0.0780588 0.493869 0.275104)
(0.349861 0.357207 0.268991)
(-0.117467 0.486006 0.275653)
(0.175188 0.468305 0.275149)
(-0.363688 0.34312 0.282337)
(0.264197 -0.4245 0.293176)
(0.446005 0.226009 0.384421)
(0.473523 0.160548 0.51735)
(0.472442 0.163703 0.614877)
(0.47244 0.16371 0.714215)
(0.4731 0.161792 0.814087)
(0.474345 0.158104 0.913174)
(0.476083 0.15279 1.01041)
(0.477841 0.1472 1.10442)
(0.481537 0.134617 1.18529)
(0.475305 0.155195 1.26052)
(0.470846 0.168237 1.34124)
(0.431645 0.252354 1.35093)
(0.376124 0.32944 1.36089)
(0.304959 0.396232 1.36536)
(0.221869 0.448078 1.36301)
(0.129727 0.482878 1.36013)
(0.0314257 0.499011 1.35856)
(-0.0691626 0.495193 1.358)
(-0.167539 0.471095 1.3578)
(-0.259174 0.427585 1.35761)
(-0.340075 0.366537 1.35752)
(-0.406937 0.290521 1.35763)
(-0.457093 0.202648 1.35789)
(-0.488521 0.106524 1.35814)
(-0.499962 0.0061581 1.35831)
(-0.491025 -0.0943086 1.35847)
(-0.462132 -0.190877 1.3587)
(-0.414435 -0.27972 1.35897)
(-0.349873 -0.357196 1.3592)
(-0.271123 -0.42011 1.3594)
(-0.18141 -0.46593 1.3596)
(-0.0843886 -0.492827 1.35966)
(0.0158378 -0.499749 1.35942)
(0.114743 -0.486656 1.35901)
(0.208616 -0.4544 1.35861)
(0.304646 -0.396473 1.34252)
(0.367768 -0.338743 1.36146)
(0.472246 -0.164268 0.478784)
(-0.447632 -0.222769 0.433009)
(0.415694 -0.277846 0.294325)
(0.46878 -0.173912 0.775997)
(0.469566 -0.171777 0.983149)
(0.46884 -0.173751 1.18421)
(-0.484891 -0.121988 0.516724)
(-0.213345 -0.452199 0.277912)
(0.468016 -0.175958 0.672649)
(-0.499944 -0.00751256 0.532282)
(-0.42368 -0.26551 0.320148)
(-0.441785 0.23415 0.401015)
(-0.490625 0.0963691 0.52211)
(-0.368527 -0.337917 0.295744)
(0.440033 0.237426 0.47891)
(-0.291847 0.405987 0.279554)
(-0.422451 0.267461 0.282257)
(0.400122 0.299838 0.33646)
(0.426949 -0.26022 1.33803)
(-0.461435 0.192556 0.50199)
(-0.0713357 -0.494885 0.363698)
(-0.496352 -0.060289 0.615403)
(0.0308164 0.499049 0.362568)
(0.322641 0.381972 0.372176)
(-0.161507 0.473197 0.36402)
(0.128997 0.483073 0.362184)
(0.375313 -0.330364 1.27917)
(-0.32628 0.378869 0.372787)
(0.388543 -0.314697 0.403768)
(0.430549 -0.254219 0.500306)
(0.437739 0.241628 0.577714)
(0.437408 0.242228 0.678176)
(0.438379 0.240467 0.779006)
(0.440561 0.236444 0.878786)
(0.444166 0.229601 0.976369)
(0.448889 0.220225 1.07197)
(0.450806 0.216273 1.17763)
(0.431987 -0.251768 0.824525)
(0.439326 0.238732 1.26804)
(0.388863 0.314302 1.28663)
(0.324597 0.380311 1.29886)
(0.247609 0.434384 1.29461)
(0.159875 0.473751 1.28934)
(0.0637321 0.495922 1.28657)
(-0.0367224 0.49865 1.28572)
(-0.136724 0.480944 1.2855)
(-0.231303 0.443282 1.28512)
(-0.316154 0.387359 1.28477)
(-0.387806 0.315606 1.28481)
(-0.443444 0.230992 1.28525)
(-0.480871 0.136978 1.28577)
(-0.498591 0.0375094 1.28606)
(-0.495993 -0.0631761 1.28622)
(-0.473339 -0.16109 1.28655)
(-0.431522 -0.252564 1.28704)
(-0.372184 -0.333885 1.28744)
(-0.297834 -0.401616 1.28772)
(-0.21153 -0.453051 1.28807)
(-0.116774 -0.486173 1.28838)
(-0.0173909 -0.499697 1.28819)
(0.0820426 -0.493223 1.28713)
(0.175297 -0.468264 1.28617)
(0.253559 -0.430938 1.28877)
(-0.0676019 0.495409 0.362879)
(-0.497642 0.0485051 0.61257)
(-0.248737 0.43374 0.367138)
(-0.163779 -0.472416 0.364059)
(-0.250016 -0.433003 0.367675)
(-0.452853 -0.211953 0.535462)
(-0.392475 -0.30978 0.401686)
(-0.391524 0.310981 0.381627)
(0.224663 0.446684 0.361091)
(0.429487 -0.256009 1.23376)
(0.430274 -0.254685 1.13343)
(0.0254961 -0.49935 0.366292)
(0.391345 0.311206 0.432928)
(-0.472538 -0.163425 0.616204)
(0.426793 -0.260476 0.60841)
(0.312581 -0.390247 0.398367)
(0.222171 -0.447929 0.38463)
(0.433138 -0.249783 0.929347)
(-0.415479 0.278168 0.484829)
(0.43191 -0.251901 1.03272)
(-0.327145 -0.378122 0.378959)
(0.429209 -0.256475 0.718432)
(-0.476517 0.151431 0.600551)
(-0.408614 -0.288157 0.508135)
(0.125144 -0.484086 0.373216)
(-0.0162932 0.499734 0.450767)
(0.362386 -0.344494 0.523848)
(-0.5 -0.000114651 0.704613)
(0.388808 0.31437 0.535379)
(0.387927 0.315457 0.638174)
(0.388888 0.314271 0.741286)
(0.3914 0.311136 0.843173)
(0.396699 0.304352 0.94231)
(0.404966 0.293261 1.03668)
(0.414928 0.278989 1.12169)
(0.342756 0.364031 1.23472)
(0.276838 0.416366 1.22617)
(0.195219 0.460315 1.2168)
(0.10149 0.489591 1.21206)
(0.00137542 0.499998 1.21094)
(-0.100357 0.489825 1.21104)
(-0.198133 0.459068 1.21042)
(-0.287289 0.409225 1.20945)
(-0.364206 0.342569 1.20913)
(-0.425905 0.261925 1.20973)
(-0.469963 0.170689 1.21079)
(-0.4947 0.0726083 1.21143)
(-0.499216 -0.0279839 1.21148)
(-0.483657 -0.126791 1.21177)
(-0.448718 -0.220572 1.21267)
(-0.395587 -0.305796 1.21344)
(-0.326616 -0.378579 1.21369)
(-0.244608 -0.436081 1.21414)
(-0.152961 -0.476028 1.21479)
(-0.0553205 -0.49693 1.21526)
(0.0448101 -0.497988 1.21421)
(0.143082 -0.47909 1.21098)
(0.234827 -0.441426 1.20932)
(-0.28523 0.410663 0.458893)
(-0.114744 -0.486656 0.450812)
(-0.201843 -0.457449 0.451966)
(0.178586 0.467019 0.449216)
(0.0823553 0.493171 0.449824)
(0.261371 0.426246 0.442779)
(0.173084 -0.469086 0.468978)
(-0.356554 0.350527 0.469468)
(-0.20257 0.457127 0.452975)
(0.326748 0.378465 0.487833)
(0.372644 -0.333371 0.65774)
(0.0745418 -0.494412 0.455907)
(-0.427286 -0.259666 0.611241)
(-0.487926 -0.109218 0.708667)
(0.268405 -0.421851 0.490889)
(-0.0221886 -0.499507 0.451197)
(-0.488191 0.108027 0.695524)
(0.37576 -0.329856 1.18113)
(-0.281287 -0.413374 0.456282)
(-0.436824 0.24328 0.585137)
(0.31535 -0.388014 1.23763)
(-0.35154 -0.355556 0.477113)
(-0.112012 0.487292 0.450982)
(0.384704 -0.319379 0.874858)
(0.297744 -0.401682 1.12555)
(0.376906 -0.328545 1.07971)
(0.378785 -0.326377 0.770538)
(0.392401 0.309873 1.19709)
(0.0366018 0.498659 0.539831)
(-0.452491 -0.212725 0.705726)
(-0.36235 -0.344533 0.595101)
(-0.455025 0.20725 0.683864)
(0.210741 -0.453418 0.570355)
(0.323908 0.380899 0.593013)
(0.32552 0.379522 0.698934)
(0.326669 0.378533 0.804146)
(0.332162 0.373722 0.907396)
(0.344235 0.362633 1.00685)
(0.361683 0.345232 1.10211)
(-0.155062 -0.475348 0.538797)
(0.237641 0.439917 1.1437)
(0.146066 0.478189 1.1338)
(0.046589 0.497825 1.13207)
(-0.0573273 0.496703 1.13369)
(-0.158555 0.474194 1.13316)
(-0.252337 0.431655 1.13087)
(-0.335068 0.371119 1.12941)
(-0.403554 0.295202 1.12991)
(-0.454993 0.207319 1.13173)
(-0.487397 0.111552 1.13366)
(-0.499872 0.0112926 1.13364)
(-0.49219 -0.0880303 1.13297)
(-0.465244 -0.183161 1.13448)
(-0.419402 -0.272217 1.13652)
(-0.357067 -0.350004 1.13648)
(-0.28042 -0.413962 1.13683)
(-0.192761 -0.461349 1.13771)
(-0.0979359 -0.490315 1.13897)
(0.000431753 -0.5 1.13991)
(0.100431 -0.48981 1.13652)
(0.197752 -0.459232 1.12762)
(-0.241008 0.438081 0.541635)
(0.134279 0.481632 0.534906)
(-0.495893 0.0639535 0.790369)
(0.298913 -0.400813 0.604899)
(-0.154307 0.475594 0.538143)
(0.240437 0.438395 0.540143)
(0.383734 -0.320544 0.977814)
(-0.0613853 0.496218 0.53974)
(0.33216 -0.373724 0.922435)
(-0.382636 0.321853 0.569141)
(-0.3962 -0.305001 0.69977)
(-0.470501 0.1692 0.780541)
(0.311065 -0.391457 0.720873)
(0.119226 -0.485577 0.545656)
(-0.237076 -0.440222 0.538771)
(-0.0664473 -0.495565 0.538307)
(0.317649 0.386134 1.16234)
(-0.405012 0.293198 0.670148)
(0.314842 -0.388426 1.01299)
(-0.497567 -0.0492615 0.803982)
(0.318605 -0.385345 0.829756)
(0.232533 -0.442638 1.03006)
(-0.317387 0.386349 0.553012)
(-0.343582 0.363251 0.652464)
(-0.00895985 0.49992 0.633096)
(0.14729 -0.477813 0.641788)
(-0.306133 -0.395326 0.538352)
(0.0244096 -0.499404 0.536716)
(0.233763 -0.44199 0.675386)
(0.252201 0.431734 0.653045)
(0.249216 0.433465 0.758743)
(0.24991 0.433065 0.86769)
(0.263669 0.424828 0.974397)
(-0.195035 0.460393 0.621373)
(-0.425064 0.263288 0.770402)
(0.0973198 0.490437 1.04657)
(-0.00828768 0.499931 1.05264)
(-0.112637 0.487148 1.05412)
(-0.210689 0.453442 1.04955)
(-0.29972 0.40021 1.04503)
(-0.375846 0.329757 1.04449)
(-0.435652 0.245371 1.04732)
(-0.476319 0.152053 1.05075)
(-0.497008 0.0546183 1.05425)
(-0.497777 -0.0470975 1.04964)
(-0.47975 -0.140854 1.04917)
(-0.441868 -0.233992 1.05713)
(-0.387874 -0.315522 1.05571)
(-0.317721 -0.386075 1.05566)
(-0.234835 -0.441421 1.05651)
(-0.143215 -0.479051 1.05811)
(-0.0474747 -0.497741 1.06054)
(0.0482309 -0.497668 1.06331)
(0.143431 -0.478986 1.05183)
(-0.106706 0.488481 0.62665)
(-0.425846 -0.262021 0.795079)
(0.0902416 0.491789 0.629356)
(0.178235 0.467153 0.612461)
(0.250527 -0.432708 0.909749)
(-0.324463 -0.380425 0.702299)
(-0.473502 -0.160611 0.804741)
(-0.196604 -0.459725 0.625704)
(0.0676841 -0.495398 0.614095)
(0.239554 -0.438878 0.786759)
(0.288767 0.408184 1.07346)
(-0.275139 0.417491 0.630767)
(-0.360783 -0.346173 0.792696)
(-0.363486 0.343334 0.756823)
(-0.499461 0.0232112 0.885812)
(-0.280847 -0.413672 0.621265)
(0.198572 0.458878 1.05153)
(-0.106837 -0.488453 0.627091)
(-0.482775 0.130108 0.87555)
(-0.157285 0.474617 0.708647)
(-0.0154129 -0.499762 0.625954)
(0.164094 0.472306 0.705311)
(0.16507 -0.471966 0.732166)
(-0.385067 0.318941 0.859514)
(0.158419 0.47424 0.813415)
(0.155602 0.475172 0.940471)
(-0.489909 -0.0999434 0.928784)
(-0.2818 -0.413024 0.795538)
(-0.0634603 0.495956 0.719632)
(0.0413951 0.498284 0.965299)
(-0.0632233 0.495987 0.975207)
(-0.16172 0.473124 0.968358)
(-0.257077 0.428849 0.957367)
(-0.342223 0.364532 0.951759)
(-0.4121 0.283149 0.956981)
(-0.461941 0.191339 0.96224)
(-0.490918 0.0948668 0.967237)
(-0.49999 0.00313997 0.976273)
(-0.417343 -0.275363 0.972455)
(-0.354991 -0.35211 0.970828)
(-0.27767 -0.415812 0.971446)
(-0.189242 -0.462804 0.9732)
(-0.0948147 -0.490928 0.975521)
(0.000267285 -0.5 0.980257)
(-0.392245 -0.310071 0.883214)
(0.0535384 0.497125 0.739251)
(0.160596 -0.473507 0.94894)
(-0.444385 0.229177 0.86815)
(-0.295341 0.403452 0.730801)
(0.138666 -0.480387 0.830018)
(-0.449055 -0.219886 0.889757)
(-0.300259 0.399806 0.847244)
(0.0644626 -0.495827 0.712715)
(-0.460736 -0.194223 0.978644)
(-0.231291 0.443288 0.696033)
(-0.320225 -0.384 0.883303)
(0.0854622 -0.492642 0.989202)
(-0.147707 -0.477685 0.714001)
(-0.239893 -0.438693 0.710308)
(-0.033849 0.498853 0.813656)
(-0.019349 0.499625 0.90048)
(-0.106119 0.488609 0.889056)
(-0.201017 0.457813 0.875985)
(-0.222633 0.447699 0.781321)
(-0.142198 -0.479353 0.887949)
(-0.0420288 -0.49823 0.891644)
(-0.0478064 -0.497709 0.715834)
(-0.191988 -0.461671 0.79944)
(0.0643509 0.495842 0.860043)
(-0.132437 0.482142 0.798849)
(-0.235857 -0.440876 0.885416)
(0.062024 -0.496138 0.90279)
(-0.0934792 -0.491184 0.802475)
(0.0150392 -0.499774 0.80697)
(0.598151 0.0630608 0.3861)
(0.758853 0.0632025 0.386035)
(0.911454 0.0627171 0.386259)
(1.06118 0.0636453 0.385828)
(1.21074 0.0638478 0.385733)
(1.36063 0.0635085 0.385892)
(1.51068 0.0635917 0.385853)
(1.66057 0.0640208 0.385652)
(1.81048 0.0642556 0.38554)
(1.96058 0.0642617 0.385538)
(2.1106 0.064291 0.385524)
(2.26071 0.0642612 0.385538)
(2.41074 0.0642815 0.385528)
(2.56085 0.0641639 0.385584)
(2.71094 0.0639513 0.385684)
(2.86116 0.0636987 0.385803)
(3.0115 0.0637695 0.38577)
(3.16159 0.0638034 0.385754)
(3.3116 0.0634225 0.385932)
(3.46163 0.0635659 0.385865)
(3.61147 0.0640485 0.385638)
(3.76143 0.064244 0.385546)
(3.91154 0.0643063 0.385516)
(4.06177 0.0643199 0.38551)
(4.21195 0.0639818 0.38567)
(4.36221 0.0634327 0.385928)
(4.51263 0.063514 0.38589)
(4.66248 0.0634133 0.385937)
(4.8061 0.0568925 0.388792)
(0.535343 0.0200506 0.101346)
(0.533581 0.0973772 0.135905)
(0.542213 0.149392 0.236512)
(0.551702 0.108079 0.354014)
(0.553722 -0.107132 0.35499)
(0.544546 -0.149333 0.235866)
(0.527117 -0.097484 0.135996)
(0.539739 -0.0228134 0.101745)
(0.598618 -0.0636601 0.385821)
(0.683537 -0.0680868 0.383657)
(0.763309 -0.0654523 0.384967)
(0.841065 -0.0643516 0.385495)
(0.917426 -0.0639968 0.385663)
(0.993001 -0.0638855 0.385715)
(1.06816 -0.0638172 0.385747)
(1.14315 -0.063734 0.385787)
(1.21813 -0.0636797 0.385812)
(1.29315 -0.0637381 0.385785)
(1.3682 -0.0639249 0.385697)
(1.44323 -0.064142 0.385594)
(1.51826 -0.0642633 0.385537)
(1.59332 -0.0642578 0.385539)
(1.6684 -0.0641878 0.385573)
(1.74348 -0.0641172 0.385606)
(1.81855 -0.0640725 0.385627)
(1.8936 -0.0640521 0.385637)
(1.96865 -0.0640457 0.38564)
(2.04369 -0.0640456 0.38564)
(2.11873 -0.0640481 0.385639)
(2.19377 -0.0640532 0.385636)
(2.26881 -0.064062 0.385632)
(2.34386 -0.0640757 0.385626)
(2.41891 -0.064093 0.385617)
(2.49396 -0.064108 0.38561)
(2.56899 -0.0641066 0.385611)
(2.644 -0.0640668 0.38563)
(2.71899 -0.0639687 0.385676)
(2.79397 -0.0638162 0.385748)
(2.86896 -0.0636463 0.385828)
(2.94394 -0.0635074 0.385893)
(3.01892 -0.0634347 0.385927)
(3.0939 -0.0634598 0.385915)
(3.16891 -0.0636184 0.385841)
(3.24395 -0.0639025 0.385707)
(3.31897 -0.0642087 0.385563)
(3.394 -0.0643942 0.385475)
(3.46906 -0.0644086 0.385468)
(3.54417 -0.0643168 0.385511)
(3.61929 -0.0642078 0.385563)
(3.69439 -0.0641315 0.385599)
(3.76946 -0.0640909 0.385618)
(3.84448 -0.0640609 0.385633)
(3.91946 -0.064008 0.385658)
(3.9944 -0.0639068 0.385705)
(4.06933 -0.0637702 0.385769)
(4.14428 -0.0636728 0.385815)
(4.21925 -0.0637083 0.385799)
(4.29419 -0.0638832 0.385716)
(4.36902 -0.0640594 0.385633)
(4.44371 -0.0640444 0.38564)
(4.51822 -0.063745 0.385781)
(4.59239 -0.0631676 0.386051)
(4.66578 -0.0622179 0.386488)
(4.73693 -0.0593386 0.387764)
(4.80516 -0.0532685 0.390223)
(4.87369 -0.0541978 0.389866)
(4.93757 -0.0614039 0.386856)
(4.9422 -0.115693 0.345473)
(4.94209 -0.146389 0.282715)
(4.94193 -0.145079 0.211894)
(4.94235 -0.11095 0.149054)
(4.94313 -0.0516812 0.109184)
(4.94465 0.0182327 0.101112)
(4.94829 0.0818689 0.124312)
(4.94925 0.129398 0.174131)
(4.94469 0.149589 0.238903)
(4.9434 0.138355 0.307946)
(4.94011 0.0927503 0.367887)
(0.679251 0.0653485 0.385017)
(0.835858 0.0624608 0.386377)
(0.986411 0.0632128 0.38603)
(1.13593 0.0638482 0.385733)
(1.28563 0.0636963 0.385804)
(1.43564 0.0634807 0.385905)
(1.58564 0.0638054 0.385753)
(1.73554 0.0641512 0.38559)
(1.88552 0.0642642 0.385536)
(2.03555 0.0643049 0.385517)
(2.18565 0.0642735 0.385532)
(2.33568 0.0643094 0.385515)
(2.48575 0.0642653 0.385536)
(2.63586 0.0641002 0.385614)
(2.786 0.0638271 0.385743)
(2.93633 0.0637072 0.385799)
(3.08658 0.0638462 0.385734)
(3.23659 0.0635968 0.385851)
(3.38665 0.0633872 0.385949)
(3.53658 0.0638078 0.385752)
(3.68646 0.0641446 0.385593)
(3.83648 0.064259 0.385539)
(3.98668 0.0642905 0.385524)
(4.13689 0.0641864 0.385573)
(4.28706 0.0636482 0.385827)
(4.43743 0.063372 0.385956)
(4.58778 0.063618 0.385841)
(4.73556 0.0612241 0.386937)
(4.87697 0.063742 0.385783)
(0.532365 0.0618655 0.113352)
(0.538499 0.131562 0.177948)
(0.549426 0.141118 0.30085)
(0.552135 -0.140789 0.301754)
(0.537157 -0.129162 0.17373)
(0.536607 -0.0651421 0.114883)
(0.719604 0.114791 0.346555)
(0.629397 0.120547 0.339265)
(1.09873 0.11562 0.345562)
(0.875175 0.113468 0.348107)
(1.24805 0.115524 0.345678)
(1.39787 0.114968 0.346345)
(0.591044 0.117325 0.156539)
(1.54781 0.115344 0.345894)
(1.6974 0.115978 0.345127)
(1.47288 0.115045 0.346253)
(1.84734 0.116154 0.344912)
(1.9974 0.116193 0.344864)
(2.14746 0.11618 0.344879)
(2.29751 0.116195 0.344862)
(2.44754 0.116187 0.344871)
(2.59777 0.115983 0.34512)
(2.74792 0.115611 0.345572)
(2.8984 0.115255 0.346001)
(3.04899 0.115562 0.345632)
(3.19905 0.115438 0.345782)
(3.34899 0.114825 0.346515)
(3.49878 0.115351 0.345886)
(3.64837 0.11598 0.345124)
(3.79826 0.116186 0.344873)
(3.9486 0.116204 0.344851)
(4.0991 0.116209 0.344845)
(4.24944 0.115523 0.345679)
(4.3999 0.11477 0.34658)
(4.55066 0.115186 0.346084)
(4.70198 0.115163 0.346112)
(4.83365 0.10158 0.36037)
(1.0243 0.115112 0.346173)
(1.32288 0.115201 0.346066)
(1.62257 0.115719 0.345442)
(0.574472 0.0409406 0.105695)
(0.582802 0.0800588 0.123151)
(0.583507 -0.102129 0.140138)
(0.602901 -0.140343 0.197049)
(0.799111 0.113193 0.348424)
(4.88638 0.120387 0.339482)
(0.618508 -0.149253 0.264952)
(0.633866 -0.121916 0.337386)
(1.77229 0.116126 0.344946)
(0.727574 -0.117774 0.342894)
(0.80906 -0.116087 0.344993)
(0.886928 -0.115656 0.345518)
(0.963154 -0.11559 0.345598)
(1.03852 -0.115571 0.34562)
(1.11345 -0.115475 0.345737)
(1.18827 -0.115325 0.345918)
(1.26318 -0.11529 0.345959)
(1.3382 -0.115509 0.345696)
(1.41322 -0.115884 0.345241)
(1.48825 -0.116156 0.344909)
(1.56336 -0.116193 0.344864)
(1.63853 -0.116093 0.344986)
(1.7137 -0.115977 0.345128)
(1.78881 -0.1159 0.345222)
(1.86389 -0.115863 0.345267)
(1.93894 -0.11585 0.345282)
(2.01398 -0.115848 0.345285)
(2.08903 -0.115851 0.345282)
(2.16408 -0.115855 0.345276)
(2.23913 -0.115864 0.345265)
(2.31419 -0.11588 0.345246)
(2.38925 -0.115904 0.345217)
(2.46432 -0.115932 0.345183)
(2.53939 -0.115951 0.345159)
(2.61442 -0.115934 0.34518)
(2.6894 -0.115839 0.345295)
(2.76433 -0.115641 0.345536)
(2.83926 -0.115378 0.345853)
(2.91419 -0.115139 0.34614)
(2.98907 -0.114987 0.346322)
(3.0639 -0.11494 0.346378)
(3.13878 -0.115056 0.346239)
(3.21377 -0.115415 0.345809)
(3.28878 -0.115929 0.345187)
(3.36381 -0.116322 0.344706)
(3.43894 -0.116419 0.344587)
(3.51417 -0.1163 0.344733)
(3.58942 -0.116122 0.344951)
(3.66462 -0.115991 0.345111)
(3.73975 -0.115927 0.345189)
(3.81481 -0.115899 0.345222)
(3.88978 -0.11586 0.34527)
(3.96467 -0.115758 0.345394)
(4.03947 -0.115562 0.345632)
(4.11425 -0.115333 0.345908)
(4.18909 -0.115255 0.346002)
(4.26397 -0.115469 0.345744)
(4.33873 -0.115852 0.345281)
(4.41329 -0.116051 0.345038)
(4.48763 -0.115822 0.345317)
(4.56162 -0.115207 0.346059)
(4.635 -0.114281 0.347159)
(4.70755 -0.113252 0.348357)
(4.77471 -0.107332 0.354785)
(4.83306 -0.0954512 0.365711)
(4.88526 -0.106994 0.35513)
(4.88404 -0.142018 0.298278)
(4.88342 -0.148479 0.228695)
(4.88432 -0.121451 0.161968)
(4.88547 -0.0660171 0.115309)
(4.88736 0.00396472 0.100052)
(4.89081 0.0704668 0.117582)
(4.90235 0.115923 0.154806)
(4.88969 0.144402 0.209403)
(4.88566 0.147554 0.276976)
(1.17331 0.115733 0.345424)
(0.586038 -0.00225645 0.100017)
(0.61376 0.148755 0.269286)
(0.58906 -0.0507308 0.108839)
(1.92235 0.116188 0.34487)
(0.949903 0.114384 0.347038)
(2.07236 0.116226 0.344824)
(2.22248 0.116187 0.344872)
(2.37243 0.116251 0.344793)
(2.52265 0.116106 0.34497)
(2.67276 0.115867 0.345262)
(2.82303 0.11542 0.345803)
(2.97371 0.115376 0.345856)
(3.1241 0.115614 0.345569)
(3.27402 0.115034 0.346267)
(3.42393 0.114962 0.346352)
(3.57349 0.115764 0.345387)
(3.72334 0.116077 0.345006)
(3.87341 0.116179 0.344881)
(4.02385 0.11624 0.344807)
(4.1743 0.115986 0.345117)
(4.3246 0.115052 0.346244)
(4.47526 0.114921 0.3464)
(4.62625 0.115364 0.34587)
(4.77282 0.110316 0.351639)
(0.60163 0.143455 0.206174)
(0.913874 0.144347 0.29079)
(4.8248 0.137188 0.310659)
(1.88377 0.145718 0.285583)
(0.655219 -0.120284 0.16038)
(3.01113 0.145272 0.287365)
(0.668807 0.147648 0.223543)
(2.18393 0.145722 0.285569)
(2.33379 0.145759 0.285418)
(2.48408 0.145702 0.285648)
(2.63435 0.145586 0.286122)
(2.78457 0.145311 0.287211)
(2.9356 0.145098 0.288036)
(4.75165 0.14607 0.28411)
(0.69812 -0.146456 0.282412)
(3.23654 0.14516 0.287798)
(3.38624 0.144793 0.289177)
(3.53529 0.145378 0.286951)
(3.16169 0.145414 0.286808)
(3.68486 0.145644 0.285886)
(3.60998 0.145568 0.286192)
(3.83489 0.145699 0.285662)
(3.75968 0.145712 0.285607)
(3.98547 0.145732 0.285528)
(4.13655 0.145734 0.285517)
(4.28708 0.14515 0.287834)
(4.43762 0.144763 0.289289)
(4.58852 0.145202 0.287635)
(4.6658 0.1452 0.287642)
(0.840394 0.143519 0.293616)
(0.688418 0.144954 0.28858)
(0.765305 0.143315 0.294281)
(3.31143 0.144832 0.289034)
(1.73378 0.145659 0.285825)
(0.676366 -0.146158 0.216267)
(1.80888 0.145681 0.285737)
(0.779395 -0.145388 0.286911)
(0.653787 0.125491 0.16783)
(0.857664 -0.145248 0.287456)
(0.934276 -0.145283 0.287321)
(1.00986 -0.145335 0.28712)
(1.08479 -0.145323 0.287163)
(1.15935 -0.145207 0.287617)
(1.23392 -0.145079 0.288107)
(1.30875 -0.145136 0.287888)
(1.3837 -0.145413 0.286811)
(1.45868 -0.145677 0.285754)
(1.53391 -0.14574 0.285495)
(1.60927 -0.145679 0.285746)
(1.6846 -0.145596 0.286081)
(1.75982 -0.145539 0.286311)
(1.83494 -0.14551 0.286425)
(1.91 -0.145499 0.286469)
(1.98506 -0.145497 0.286478)
(2.0601 -0.145498 0.286475)
(2.13516 -0.145499 0.286468)
(2.21021 -0.145503 0.286455)
(2.28528 -0.14551 0.286427)
(2.36036 -0.145522 0.286379)
(2.43546 -0.145539 0.28631)
(2.51057 -0.145558 0.286234)
(2.58567 -0.145568 0.286195)
(2.6607 -0.145543 0.286294)
(2.73563 -0.145448 0.286674)
(2.81049 -0.145273 0.287359)
(2.88536 -0.145084 0.288087)
(2.96017 -0.144963 0.288544)
(3.03474 -0.144903 0.28877)
(3.10923 -0.144885 0.288836)
(3.18399 -0.145029 0.288296)
(3.2589 -0.145394 0.286886)
(3.33388 -0.145753 0.28544)
(3.40914 -0.145883 0.284902)
(3.48461 -0.145824 0.285147)
(3.56013 -0.145699 0.285662)
(3.63554 -0.145599 0.286067)
(3.7108 -0.14555 0.286267)
(3.78593 -0.145535 0.286326)
(3.86096 -0.145528 0.286355)
(3.93586 -0.145496 0.286482)
(4.01058 -0.145402 0.286855)
(4.08508 -0.145221 0.28756)
(4.15958 -0.14505 0.288216)
(4.23427 -0.145096 0.288041)
(4.30895 -0.145398 0.286871)
(4.38344 -0.145683 0.28573)
(4.4578 -0.145671 0.285775)
(4.53181 -0.145356 0.287036)
(4.60525 -0.144865 0.288911)
(4.67782 -0.144104 0.291641)
(4.75704 -0.14511 0.287988)
(4.82594 -0.133355 0.318677)
(4.82317 -0.149996 0.251076)
(4.82548 -0.132698 0.180062)
(4.82673 -0.0828281 0.124942)
(4.82899 -0.0128223 0.100549)
(4.83229 0.0598747 0.112468)
(4.83956 0.122752 0.163792)
(1.13588 0.145529 0.286349)
(0.634702 0.0417547 0.105929)
(1.06151 0.145355 0.287038)
(2.03382 0.145737 0.285508)
(3.91007 0.145715 0.285598)
(0.643869 -0.0184545 0.10114)
(2.109 0.145707 0.285632)
(2.40894 0.145732 0.285526)
(1.65884 0.145566 0.286201)
(1.28523 0.145235 0.287507)
(1.95868 0.145747 0.285465)
(1.58426 0.14536 0.287018)
(2.25887 0.145736 0.285511)
(1.43494 0.144887 0.288829)
(3.08655 0.145438 0.286712)
(0.644801 -0.0748296 0.119998)
(2.55923 0.145651 0.285859)
(2.70953 0.145459 0.286629)
(2.86 0.145129 0.287914)
(3.46078 0.14506 0.28818)
(4.06098 0.145777 0.285341)
(4.21192 0.145542 0.286298)
(4.36227 0.144804 0.28914)
(4.51298 0.145025 0.28831)
(0.98766 0.144931 0.288665)
(1.35998 0.14496 0.288557)
(1.21052 0.145497 0.286477)
(4.82659 0.14981 0.242456)
(1.50977 0.145077 0.288114)
(0.951087 0.147826 0.224555)
(1.91953 0.146703 0.218721)
(2.44478 0.146709 0.218752)
(3.72041 0.146739 0.218895)
(3.04854 0.147107 0.220685)
(2.82107 0.147374 0.222053)
(2.29454 0.146679 0.218611)
(2.36978 0.146707 0.218742)
(0.73618 0.149187 0.234399)
(3.27418 0.147623 0.2234)
(3.49657 0.147271 0.221515)
(2.5952 0.146813 0.219243)
(2.74566 0.147078 0.220539)
(2.52016 0.146775 0.219061)
(2.21968 0.146701 0.218716)
(0.701299 -0.0914745 0.13112)
(4.54981 0.147259 0.221458)
(3.42279 0.147741 0.224067)
(4.02219 0.146691 0.218667)
(1.24776 0.14699 0.220102)
(4.17439 0.146663 0.218536)
(4.32501 0.147668 0.223654)
(3.34868 0.147948 0.225271)
(0.634912 0.0913767 0.131045)
(1.17287 0.14684 0.219373)
(0.753286 -0.14759 0.223218)
(1.09792 0.146887 0.219599)
(0.715798 0.129541 0.174375)
(0.829964 -0.147477 0.222606)
(0.906457 -0.147365 0.222007)
(0.982285 -0.147249 0.221406)
(1.05737 -0.147174 0.22102)
(1.13182 -0.147254 0.221427)
(1.20571 -0.14751 0.222781)
(1.27986 -0.147646 0.223529)
(1.35448 -0.147345 0.221905)
(1.42917 -0.146826 0.219305)
(1.50462 -0.146666 0.218549)
(1.58044 -0.146754 0.218962)
(1.65615 -0.146879 0.219563)
(1.73159 -0.146964 0.219972)
(1.8068 -0.147005 0.220177)
(1.88189 -0.147023 0.220264)
(1.95695 -0.147028 0.220289)
(2.03201 -0.147027 0.220285)
(2.10706 -0.147026 0.220277)
(2.18212 -0.147024 0.220269)
(2.25718 -0.147019 0.220245)
(2.33227 -0.147009 0.220193)
(2.4074 -0.146991 0.220106)
(2.48257 -0.146967 0.219987)
(2.55777 -0.146941 0.219861)
(2.63295 -0.146933 0.219822)
(2.708 -0.14699 0.220101)
(2.78281 -0.147182 0.221059)
(2.85755 -0.147461 0.22252)
(2.93239 -0.147643 0.223512)
(3.00685 -0.147669 0.223657)
(3.08051 -0.147746 0.224092)
(3.15449 -0.1478 0.224403)
(3.22901 -0.147439 0.222402)
(3.30366 -0.146789 0.219132)
(3.37913 -0.146467 0.217636)
(3.45514 -0.146518 0.217868)
(3.53124 -0.146719 0.218799)
(3.60708 -0.14688 0.219567)
(3.68259 -0.146961 0.219958)
(3.75786 -0.146983 0.220066)
(3.833 -0.146981 0.220059)
(3.90802 -0.146989 0.220095)
(3.98283 -0.147047 0.220381)
(4.05721 -0.147219 0.221252)
(4.13099 -0.147543 0.22296)
(4.20495 -0.147716 0.223922)
(4.27929 -0.147405 0.222218)
(4.35352 -0.146803 0.219196)
(4.42815 -0.146598 0.218236)
(4.50263 -0.146903 0.219677)
(4.57613 -0.147502 0.222741)
(4.64826 -0.147938 0.225213)
(4.71179 -0.148985 0.232577)
(4.76648 -0.142728 0.203861)
(4.76603 -0.102971 0.140927)
(4.76934 -0.0353325 0.104221)
(4.77121 0.0385625 0.105042)
(4.77752 0.101818 0.13985)
(1.02383 0.147179 0.221045)
(0.877816 0.14834 0.227743)
(3.19962 0.147087 0.22058)
(2.9727 0.147466 0.222543)
(4.47499 0.147747 0.224098)
(4.77231 0.142965 0.204601)
(1.6944 0.146815 0.219252)
(1.61972 0.146978 0.220042)
(1.39682 0.147809 0.224456)
(1.76964 0.146773 0.219054)
(3.12426 0.146887 0.219598)
(2.89662 0.147555 0.223028)
(3.57093 0.146958 0.219943)
(2.67057 0.14693 0.219808)
(4.62459 0.147278 0.221553)
(0.701389 -0.0427403 0.106218)
(3.79563 0.14674 0.218895)
(4.09829 0.146621 0.218341)
(1.99447 0.146683 0.218627)
(4.25009 0.147041 0.220353)
(4.4 0.147983 0.225483)
(0.80753 0.149231 0.23483)
(1.32231 0.147497 0.222709)
(0.697707 0.0829399 0.125016)
(0.728593 -0.125362 0.167632)
(3.94643 0.146744 0.218918)
(4.69914 0.147501 0.222732)
(3.64573 0.146824 0.219295)
(0.698029 0.0194758 0.10127)
(1.84459 0.146729 0.218846)
(1.54539 0.147265 0.221486)
(3.87079 0.146721 0.218808)
(2.14477 0.146719 0.218797)
(1.47143 0.147669 0.223657)
(2.06981 0.146724 0.218824)
(4.21351 0.117802 0.157141)
(3.08581 0.118495 0.158028)
(2.78163 0.120047 0.160063)
(3.75517 0.118226 0.157682)
(3.4567 0.121314 0.161779)
(1.28591 0.119485 0.159317)
(0.752418 -0.0129303 0.100558)
(3.31211 0.124246 0.165959)
(2.93295 0.122631 0.16362)
(2.63065 0.118703 0.158296)
(4.05873 0.117969 0.157354)
(2.25455 0.118102 0.157523)
(1.9543 0.118086 0.157503)
(2.70601 0.11912 0.158838)
(0.76843 -0.0740161 0.119533)
(0.768207 0.100974 0.139075)
(4.69927 -0.123889 0.165433)
(1.13409 0.118365 0.157861)
(0.774524 0.136025 0.186777)
(0.802144 -0.122245 0.163074)
(0.878856 -0.121488 0.162019)
(1.21015 0.118161 0.157599)
(0.955015 -0.120968 0.161306)
(1.0305 -0.120171 0.160229)
(1.10534 -0.120053 0.160071)
(1.17928 -0.120883 0.161189)
(1.25127 -0.123214 0.164453)
(1.32466 -0.122816 0.163883)
(1.39804 -0.118878 0.158524)
(1.47409 -0.1177 0.157012)
(1.55105 -0.118205 0.157655)
(1.62757 -0.118862 0.158502)
(1.70344 -0.119281 0.159049)
(1.77883 -0.119478 0.159308)
(1.85398 -0.119573 0.159434)
(1.92904 -0.11961 0.159482)
(2.0041 -0.119606 0.159477)
(2.07916 -0.119596 0.159464)
(2.15423 -0.119597 0.159465)
(2.22928 -0.11959 0.159456)
(2.30435 -0.119562 0.159419)
(2.37949 -0.119506 0.159345)
(2.45472 -0.119421 0.159233)
(2.53001 -0.119301 0.159075)
(2.60537 -0.119175 0.15891)
(2.68075 -0.119151 0.158879)
(2.75593 -0.119561 0.159418)
(2.83036 -0.121102 0.161489)
(2.90504 -0.122727 0.163755)
(2.9799 -0.122707 0.163727)
(3.05321 -0.122072 0.162832)
(3.125 -0.124014 0.165617)
(3.19811 -0.123573 0.164973)
(3.27122 -0.119274 0.15904)
(3.34713 -0.116953 0.156074)
(3.4244 -0.116921 0.156035)
(3.50182 -0.118013 0.157409)
(3.5785 -0.118875 0.158519)
(3.65445 -0.119312 0.159089)
(3.72991 -0.119437 0.159255)
(3.80518 -0.119425 0.159239)
(3.88039 -0.119388 0.15919)
(3.95551 -0.119435 0.159251)
(4.03031 -0.119799 0.159733)
(4.10411 -0.120971 0.161309)
(4.17582 -0.123606 0.16502)
(4.24874 -0.123381 0.164694)
(4.32153 -0.119154 0.158882)
(4.39684 -0.117042 0.156185)
(4.47293 -0.11768 0.156988)
(4.54805 -0.120386 0.160517)
(4.62021 -0.124134 0.165793)
(2.85691 0.121976 0.162697)
(4.13607 0.117418 0.156657)
(4.43704 0.124668 0.166586)
(4.71042 -0.0615111 0.113192)
(4.70677 0.0124673 0.100519)
(4.71089 0.0807612 0.123597)
(1.05853 0.118703 0.158296)
(0.914167 0.125299 0.167538)
(3.23895 0.12019 0.160254)
(1.65394 0.118742 0.158346)
(3.38514 0.124504 0.166341)
(0.760848 0.0457821 0.107157)
(3.00939 0.120908 0.161224)
(4.36322 0.124477 0.166302)
(4.72389 0.12524 0.167447)
(0.984574 0.119962 0.159949)
(2.02953 0.118123 0.15755)
(3.68028 0.118331 0.157816)
(2.40459 0.118137 0.157569)
(3.83057 0.118241 0.157702)
(2.55532 0.118443 0.157961)
(4.58644 0.118503 0.158037)
(1.35916 0.123346 0.164643)
(0.836756 0.12513 0.167281)
(1.43286 0.123934 0.165499)
(3.9062 0.118297 0.157774)
(2.4801 0.118306 0.157784)
(3.16283 0.11804 0.157444)
(4.28976 0.120242 0.160324)
(2.32953 0.118108 0.157531)
(4.51032 0.12093 0.161254)
(3.98222 0.118311 0.15779)
(1.72918 0.118419 0.157929)
(1.87957 0.118176 0.157617)
(3.53062 0.119476 0.159306)
(1.57933 0.119515 0.159357)
(2.17964 0.118138 0.157569)
(4.54366 0.066422 0.115508)
(2.74125 0.067068 0.115829)
(2.96858 0.0750551 0.120128)
(4.46626 0.0729894 0.118956)
(3.60553 0.118672 0.158256)
(4.6599 0.121035 0.161397)
(4.09485 0.0642032 0.114435)
(3.20512 0.063953 0.114316)
(4.33428 0.0719392 0.118376)
(0.820325 -0.0051123 0.100087)
(1.50538 0.121102 0.161489)
(2.10477 0.118208 0.157658)
(4.25615 0.0640962 0.114384)
(4.65559 -0.0849369 0.126365)
(1.2495 0.0636138 0.114157)
(0.927799 -0.0723074 0.118578)
(1.00286 -0.0693459 0.116992)
(1.0784 -0.0683008 0.116452)
(1.15379 -0.0686836 0.116649)
(1.2281 -0.0713764 0.11807)
(1.29282 -0.0822748 0.124577)
(1.36084 -0.0669629 0.115776)
(1.4394 -0.0627061 0.113736)
(1.51972 -0.0646428 0.114644)
(1.59786 -0.0662999 0.115448)
(1.67439 -0.0672567 0.115923)
(1.75 -0.0676427 0.116118)
(1.82527 -0.0678603 0.116228)
(1.90036 -0.0679759 0.116287)
(1.97538 -0.0679766 0.116287)
(2.05046 -0.0679371 0.116267)
(2.12557 -0.0679442 0.11627)
(2.20058 -0.0679447 0.116271)
(2.27558 -0.0679353 0.116266)
(2.35069 -0.0678554 0.116225)
(2.42596 -0.0677473 0.116171)
(2.50134 -0.0675453 0.116069)
(2.57683 -0.0672738 0.115932)
(2.65248 -0.0669504 0.11577)
(2.72844 -0.0668418 0.115716)
(2.80432 -0.0679429 0.11627)
(2.87711 -0.075015 0.120105)
(2.95241 -0.0771353 0.121353)
(3.02577 -0.0708242 0.117773)
(3.1004 -0.0727285 0.118811)
(3.16555 -0.0838988 0.125658)
(3.23214 -0.0699469 0.117307)
(3.30949 -0.0623885 0.11359)
(3.38995 -0.0608302 0.112888)
(3.47064 -0.0641465 0.114408)
(3.54884 -0.0663129 0.115454)
(3.62542 -0.0673762 0.115983)
(3.70106 -0.0676801 0.116137)
(3.77641 -0.0676784 0.116136)
(3.85179 -0.0676013 0.116097)
(3.92728 -0.0675074 0.116049)
(4.00286 -0.0676572 0.116125)
(4.07831 -0.0686178 0.116615)
(4.15205 -0.0720687 0.118447)
(4.21661 -0.0835535 0.125425)
(4.28292 -0.0695865 0.117118)
(4.35995 -0.0620732 0.113446)
(4.43991 -0.0610797 0.112999)
(4.51924 -0.0662141 0.115405)
(4.59268 -0.0736673 0.119336)
(2.89193 0.0766076 0.121038)
(2.66525 0.0662195 0.115408)
(4.17509 0.0618975 0.113367)
(3.78888 0.0652291 0.114925)
(4.64503 -0.0227163 0.10173)
(1.09295 0.0653207 0.11497)
(1.8044 0.118269 0.157737)
(1.01651 0.0651953 0.114909)
(3.12382 0.0623348 0.113566)
(1.16998 0.0646406 0.114643)
(4.40041 0.0854466 0.126716)
(0.940159 0.0645754 0.114612)
(0.849292 -0.0722719 0.118559)
(2.36333 0.0650301 0.114829)
(0.879165 0.0904828 0.130364)
(2.81747 0.0689482 0.116785)
(3.71386 0.0651681 0.114896)
(2.5896 0.0656998 0.115154)
(1.68727 0.0657175 0.115162)
(3.28314 0.0715542 0.118167)
(3.48751 0.068447 0.116527)
(3.04325 0.0661787 0.115388)
(4.63143 0.0583007 0.111794)
(1.988 0.0650011 0.114815)
(3.41399 0.0728262 0.118865)
(1.32823 0.0679879 0.116293)
(2.43866 0.0651855 0.114904)
(3.8646 0.0653175 0.114968)
(4.01716 0.0653433 0.114981)
(0.821716 0.0696888 0.117171)
(2.28817 0.0649243 0.114779)
(1.91335 0.0649075 0.114771)
(3.34889 0.0850339 0.126431)
(1.6121 0.0664281 0.115511)
(2.21347 0.0649581 0.114795)
(1.39562 0.08334 0.125283)
(4.12882 -0.00421181 0.100059)
(4.48977 0.00393191 0.100052)
(2.77522 0.000405076 0.100001)
(1.76285 0.0653414 0.11498)
(1.29496 -0.010092 0.10034)
(3.0757 -0.00425915 0.10006)
(3.56346 0.0662571 0.115427)
(2.99182 -0.00204991 0.100014)
(1.83814 0.0651207 0.114873)
(1.12556 -0.00192502 0.100012)
(3.94053 0.0654212 0.115018)
(2.06349 0.0649735 0.114802)
(2.1382 0.0650611 0.114844)
(0.900464 -0.013184 0.100581)
(4.30912 0.00140763 0.100007)
(2.92687 0.0282816 0.10269)
(3.25818 0.000909828 0.100003)
(1.04937 -0.00211564 0.100015)
(1.39604 0.0113787 0.100432)
(1.48686 0.00368885 0.100045)
(1.567 0.000612127 0.100001)
(1.64421 -0.000867216 0.100003)
(1.71951 -0.00138604 0.100006)
(1.79505 -0.00173526 0.10001)
(1.87035 -0.00196995 0.100013)
(1.94522 -0.00195264 0.100013)
(2.02013 -0.00190948 0.100012)
(2.09554 -0.00191738 0.100012)
(2.17051 -0.00186855 0.100012)
(2.24537 -0.0019161 0.100012)
(2.32016 -0.00187923 0.100012)
(2.3956 -0.00181999 0.100011)
(2.47103 -0.00161977 0.100009)
(2.5467 -0.00129654 0.100006)
(2.62219 -0.000773148 0.100002)
(2.69823 -0.000199363 0.1)
(2.92123 -0.0282828 0.102691)
(3.34939 0.0146185 0.100714)
(3.43843 0.00457257 0.10007)
(3.51806 0.00065432 0.100001)
(3.59531 -0.00111103 0.100004)
(3.67072 -0.0015432 0.100008)
(3.74586 -0.00160187 0.100009)
(3.82142 -0.00160095 0.100009)
(3.89709 -0.00146043 0.100007)
(3.9732 -0.00132973 0.100006)
(4.04994 -0.00174639 0.10001)
(4.40057 0.0150885 0.100761)
(4.21797 -0.0127422 0.100542)
(4.57057 -0.00428783 0.100061)
(0.973621 -0.00430671 0.100062)
(2.51419 0.0654017 0.115009)
(3.16657 -0.0129826 0.100563)
(1.20476 -0.00338962 0.100038)
(2.85684 0.00133199 0.100006)
(1.53627 0.0682185 0.11641)
(3.63879 0.0653987 0.115007)
(0.874193 0.0395525 0.105309)
(1.46157 0.0721538 0.118494)
(-4.71423 -0.050805 0.208755)
(-4.60373 -0.0373401 0.237675)
(-4.46511 0.0136566 0.189746)
(-4.18098 0.0253511 0.228296)
(-4.3502 -0.0121937 0.188348)
(-4.07132 0.0533524 0.207255)
(-3.77095 0.0463685 0.195401)
(-3.97206 -0.0111135 0.185563)
(-3.67745 0.000160678 0.182674)
(-3.42184 -0.0143545 0.190794)
(-3.55039 -0.000184793 0.182921)
(-3.28637 -0.0133536 0.188615)
(-3.1608 -0.00435181 0.185182)
(-2.77422 -0.011637 0.206866)
(-2.91848 -0.0149584 0.187195)
(-3.04122 0.00506372 0.182743)
(-2.62118 -0.00676543 0.251777)
(-2.38044 0.0531582 0.224384)
(-2.46036 -0.00923995 0.184177)
(-2.26728 0.0610375 0.21711)
(-2.00282 0.0204513 0.236298)
(-2.15579 -0.0237377 0.258919)
(-1.91869 -0.0152851 0.187037)
(-1.63872 0.0392392 0.27081)
(-1.79139 -0.00787506 0.18573)
(-1.48023 -0.0281851 0.273725)
(-1.36401 0.0475896 0.259018)
(-1.10107 -0.0109441 0.279072)
(-1.2504 0.0235729 0.223872)
(-0.297116 -0.0598376 0.474539)
(-0.0219752 -0.12033 0.428424)
(-0.96062 0.0399314 0.214243)
(-0.883865 -0.0125714 0.189367)
(-0.361053 0.0453016 0.368466)
(-0.272308 -0.0484987 0.743372)
(0.0495941 0.192417 0.517002)
(-0.366025 -0.133641 0.344517)
(-0.402685 0.0593926 0.535867)
(-0.377801 0.0498111 0.648428)
(-0.0237108 -0.0155917 0.737876)
(-0.0138056 0.215603 0.668194)
(-0.25469 -0.0377925 0.370007)
(-0.102109 0.00380315 0.34001)
(0.275806 -0.0813107 0.445682)
(-0.366355 0.00633511 0.249194)
(-0.237226 -0.19551 0.413303)
(-0.385732 -0.106277 0.56604)
(-0.190618 0.00426395 0.561388)
(-0.246941 0.0278063 0.274361)
(-0.250658 0.161042 0.294234)
(-0.124126 0.18637 0.281993)
(-0.22537 0.316758 0.34256)
(-0.343123 0.160761 0.372471)
(-0.188699 -0.129072 0.30925)
(-0.259348 -0.293261 0.261911)
(-0.0950299 -0.290918 0.220026)
(0.227992 -0.0366175 1.25969)
(0.347876 -0.167952 1.40154)
(0.318413 -0.21555 1.2826)
(0.0222893 -0.0969294 1.14656)
(0.255157 -0.0937328 0.970751)
(0.341442 0.0230559 1.3938)
(0.172044 0.0141875 1.3951)
(0.337832 0.185479 1.37996)
(-0.0227354 0.258566 1.22193)
(0.396458 -0.0113135 1.28003)
(-0.00298364 -0.10416 0.973693)
(0.267414 -0.133692 0.680131)
(0.167091 0.16224 1.39146)
(0.19444 0.341871 1.39245)
(0.0488838 0.349406 1.39652)
(0.0695072 0.397043 1.27778)
(0.00873934 0.205815 1.03936)
(0.251719 0.315403 1.26756)
(-0.230805 0.285954 1.39963)
(-0.281489 0.288992 1.26856)
(-0.0892929 0.374907 1.34129)
(-0.403547 8.42895e-05 1.37363)
(-0.224842 -0.126038 1.39166)
(-0.248099 -0.295535 1.40015)
(-0.168498 -0.319656 1.30173)
(-0.331499 -0.233066 1.29365)
(0.0640092 -0.408667 1.29026)
(0.185765 -0.328887 1.38366)
(0.207141 -0.134066 1.39696)
(0.331345 -0.177493 0.266593)
(0.357384 -0.170028 0.382386)
(0.31322 0.200866 0.349131)
(0.207397 0.331515 0.246514)
(0.0593736 0.355085 0.254858)
(-0.115277 0.293295 0.233218)
(0.0169664 -0.40686 0.276737)
(0.136631 -0.330699 0.324378)
(0.0350122 -0.3908 0.399061)
(0.233335 -0.313755 0.238478)
(0.215562 -0.148654 0.311774)
(0.297929 0.0480812 0.42665)
(0.323392 -0.107585 0.551352)
(0.363749 -0.17628 0.631875)
(0.369573 0.0779526 0.592558)
(0.222588 -0.00110959 0.552789)
(0.340608 0.209223 0.537759)
(0.358379 0.204277 0.670703)
(0.373763 -0.0452001 0.663127)
(0.16376 -0.0378287 0.658623)
(0.0691397 0.0823995 0.649888)
(0.347378 0.0610741 0.816371)
(0.209883 -0.168697 0.571307)
(0.352326 -0.180291 0.81669)
(0.263092 -0.0465651 0.795528)
(0.343314 0.19165 0.799383)
(0.343367 0.0278752 0.930348)
(0.12419 -0.0492712 0.883763)
(0.0299771 -0.0101986 0.938422)
(0.326589 0.189767 0.919666)
(0.376407 0.0272936 1.12238)
(0.356769 -0.176081 1.08264)
(0.350999 0.239863 1.0342)
(0.242408 -0.277923 1.07732)
(0.202723 -0.0430718 1.10937)
(0.348227 0.188621 1.1616)
(0.17446 -0.167242 1.18883)
(4.79247 0.0168778 0.179862)
(0.27051 0.00955114 0.301378)
(0.252682 -0.290121 0.365197)
(0.0161821 0.206963 0.249406)
(0.165528 -0.00743749 0.250581)
(0.134138 0.223007 0.38322)
(0.21796 0.329407 0.397009)
(0.946302 0.0311532 0.232276)
(0.810178 0.0174568 0.18608)
(1.17207 -0.025727 0.217384)
(1.08276 -0.0124615 0.188783)
(1.30661 0.0192123 0.210513)
(1.45408 0.0104965 0.184771)
(1.69741 0.0304652 0.241691)
(1.57779 0.0124266 0.190997)
(1.83483 0.0330446 0.234298)
(2.0959 0.0604453 0.220849)
(1.98078 0.0310566 0.242117)
(2.21931 -0.0119522 0.193164)
(2.53311 -0.00898042 0.196125)
(2.36526 -0.0111646 0.268625)
(2.65038 0.0340726 0.270638)
(2.78801 0.00236953 0.184689)
(3.12169 0.00559362 0.186758)
(3.016 -0.00598941 0.186735)
(2.87564 0.0509609 0.214284)
(3.24279 0.0160422 0.190894)
(3.55111 -0.00479619 0.187276)
(3.3854 0.0204876 0.190956)
(3.65866 0.0449716 0.224814)
(3.85401 0.0610525 0.281685)
(3.75871 0.0616505 0.214142)
(3.99053 0.0573319 0.273911)
(4.27885 0.0091184 0.190053)
(4.1553 0.000165501 0.192688)
(4.4066 0.0102367 0.187462)
(4.53613 -0.00380841 0.186947)
(4.65503 0.00536378 0.189595)
(-0.424965 0.0794166 0.157762)
(-0.541007 0.0731183 0.224162)
(-0.364161 0.212603 0.274601)
(-0.187251 0.0897543 0.386038)
(-0.318125 0.170145 0.597839)
(-0.121767 -0.0241244 0.238319)
(-0.530427 -0.011483 0.30015)
(-0.0598063 -0.0110583 0.500681)
(-0.228018 -0.139013 0.55935)
(-0.217304 0.0694833 0.666379)
(-0.363449 -0.152424 0.687047)
(-0.398409 0.068818 0.808653)
(-0.417389 -0.0182584 0.440534)
(-0.0926468 -0.225148 0.371824)
(-0.0560507 -0.131252 0.270135)
(-0.398482 -0.180962 0.249635)
(-0.502177 -0.0361777 0.17344)
(-0.394122 -0.081179 0.149056)
(-0.44132 -0.0313744 0.14535)
(0.429156 -0.0889982 0.381786)
(0.0503348 -0.168299 0.33316)
(0.17926 0.000306904 0.41836)
(0.0866179 -0.250679 0.408234)
(0.210015 -0.299412 0.501061)
(0.0886672 -0.187841 0.229575)
(0.399919 -0.0917934 0.270762)
(0.411452 -0.117057 0.165624)
(0.453051 -0.021279 0.149256)
(0.55157 -0.0522631 0.274828)
(0.534283 0.0672403 0.272513)
(0.411685 0.0710351 0.164458)
(0.401964 0.132829 0.23504)
(0.333702 0.210975 0.205558)
(-0.0188669 0.135351 0.39313)
(0.180397 0.174632 0.581285)
(0.384982 0.0608305 0.32257)
(0.407955 0.102164 0.401048)
(-4.90798 -0.0229312 0.296067)
(-4.89783 -0.0489849 0.18636)
(-4.39634 -0.0540655 0.285105)
(-4.51606 -0.0726014 0.265413)
(-4.80258 -0.0589448 0.260167)
(-2.69774 -0.0626401 0.270673)
(-2.50415 -0.0453827 0.284576)
(-2.34249 -0.0614406 0.2752)
(-2.24778 -0.0480583 0.296792)
(-2.42167 -0.0416453 0.299114)
(-1.5771 -0.058761 0.294267)
(-1.38195 -0.0605413 0.275982)
(-1.29169 -0.0605144 0.290002)
(-1.19714 -0.0525711 0.299677)
(-1.00807 -0.0470186 0.293243)
(-0.918934 -0.0626404 0.287711)
(-0.814053 -0.0619585 0.27477)
(-2.06314 -0.0505959 0.292395)
(-1.94085 -0.0544012 0.297565)
(-1.81686 -0.0613391 0.286307)
(-1.70204 -0.0553286 0.288463)
(-3.88443 -0.0526339 0.292059)
(-3.74988 -0.053568 0.27481)
(-3.62008 -0.0632817 0.267612)
(-3.49285 -0.0547432 0.285115)
(-3.36454 -0.0520224 0.292151)
(-3.23451 -0.058786 0.284835)
(-3.11264 -0.0599378 0.268404)
(-3.01394 -0.0607514 0.27671)
(-2.91938 -0.0528234 0.301661)
(-4.26485 -0.0490122 0.29733)
(-4.13085 -0.0562414 0.290257)
(-4.01464 -0.0565865 0.279019)
(-2.82234 -0.053428 0.287208)
(-1.56293 -0.020654 0.184727)
(-2.07442 -0.0221937 0.182943)
(-1.18121 -0.0197725 0.179595)
(-1.31216 -0.0330188 0.183113)
(-1.02811 -0.0213339 0.18216)
(-2.55281 -0.0161337 0.179466)
(-2.29236 -0.0196626 0.176284)
(-3.85715 -0.031292 0.190903)
(-4.25084 -0.0167322 0.177677)
(-4.12537 -0.041981 0.185214)
(-2.37358 -0.0263004 0.176809)
(-2.20918 -0.0256892 0.177973)
(-1.68468 -0.0240324 0.187944)
(-1.42407 -0.0142388 0.173739)
(-4.90326 0.0675673 0.216124)
(-1.55689 0.0628537 0.285302)
(-1.02571 0.0657402 0.277611)
(-0.731715 5.54397e-05 0.232954)
(-0.641245 0.0263274 0.30523)
(-0.919891 0.0590516 0.29115)
(-0.821382 0.0640881 0.270173)
(-1.44675 0.0690753 0.290779)
(-1.18826 0.0621923 0.278996)
(-1.2833 0.0651298 0.295224)
(-2.20179 0.0649935 0.297167)
(-1.94049 0.0623704 0.287126)
(-1.71666 0.0627154 0.277711)
(-1.82495 0.0589786 0.284441)
(-2.07585 0.0590683 0.284066)
(-2.33645 0.0589669 0.299733)
(-2.45023 0.0707654 0.276678)
(-2.54225 0.0667688 0.270939)
(-2.7073 0.0629555 0.291974)
(-3.48547 0.0574683 0.284067)
(-3.61164 0.0573971 0.289472)
(-3.35057 0.0548605 0.276276)
(-3.73678 0.0573924 0.290231)
(-3.11027 0.0575686 0.284516)
(-3.23515 0.0596627 0.289258)
(-2.97937 0.0608427 0.272014)
(-3.87288 0.0540277 0.279987)
(-4.25537 0.0592123 0.280695)
(-4.13338 0.0661592 0.29202)
(-4.00689 0.0553167 0.293802)
(-4.38499 0.0565958 0.290375)
(-4.50154 0.0509804 0.296112)
(-4.70078 0.0400963 0.28805)
(-2.85182 0.0623524 0.273407)
(-4.80644 0.0504533 0.253771)
(-4.5962 0.0638594 0.26828)
(-0.401676 0.0602556 0.926645)
(-0.258775 0.0144793 0.897004)
(-0.402754 -0.043656 1.03818)
(-0.244779 -0.0636755 1.05221)
(-0.39495 0.0518985 1.14093)
(-0.216467 0.191455 1.08366)
(-0.33724 0.210448 1.16432)
(-0.233324 0.0506262 1.18825)
(-0.254443 0.0299416 1.36548)
(-0.073112 0.0516425 0.648117)
(-0.251542 0.327482 0.61079)
(-0.321422 0.201491 0.858725)
(-0.102557 0.0765013 1.10118)
(-0.13382 0.377824 1.19683)
(-0.26672 0.297705 1.0626)
(-0.144617 0.166544 1.32704)
(-0.384233 -0.0890903 0.836322)
(-0.119114 -0.143898 0.794859)
(-0.254759 -0.171926 0.89679)
(-0.31645 -0.168174 1.15305)
(0.120959 0.202784 0.767511)
(0.218669 0.117577 1.0159)
(0.129269 0.190045 1.14825)
(0.241891 0.102236 1.24672)
(-0.302641 -0.285159 0.904791)
(-0.265696 -0.284922 1.04944)
(-0.287004 -0.314465 1.19653)
(-0.0979157 -0.17786 1.08413)
(-0.139208 -0.343462 1.16615)
(-0.0665779 -0.139305 1.35465)
(-0.208778 -0.21514 0.676894)
(-0.0918443 -0.206081 0.651081)
(-0.278149 -0.291149 0.55291)
(-0.299282 -0.240457 0.797622)
(-0.142612 -0.358589 1.01775)
(-0.132286 -0.353023 0.758761)
(-0.1301 -0.101509 0.951703)
(-0.0986573 -0.237517 0.94637)
(-0.0861258 -0.148606 0.537153)
(-0.361199 -0.181612 0.477425)
(0.208981 0.326529 0.518607)
(0.235591 0.313335 0.639792)
(0.237143 0.32286 0.762147)
(0.227149 0.300014 0.890573)
(0.245756 0.309154 1.01872)
(0.211411 0.340746 1.14427)
(0.0629335 0.358524 0.431148)
(0.0585472 0.37778 0.579664)
(0.0401562 0.386145 0.739446)
(0.0842597 0.341803 0.869213)
(0.0705752 0.346143 1.00305)
(0.0555327 0.387544 1.13812)
(0.0319893 -0.394404 0.65736)
(-0.00840152 -0.409899 0.540606)
(0.0247256 -0.396735 0.780156)
(0.0523206 -0.410719 0.909132)
(0.0445809 -0.160456 0.767622)
(0.0213077 -0.410104 1.05111)
(0.0255201 -0.408125 1.19144)
(0.00252653 -0.299597 1.11302)
(-0.0154583 -0.256299 1.23432)
(0.0689389 -0.30606 0.496625)
(0.0617465 -0.219629 0.646219)
(0.240114 -0.293557 0.630596)
(0.148538 -0.151199 0.696614)
(0.267482 -0.284174 0.7568)
(0.0407054 -0.174102 0.890742)
(0.280358 -0.274427 0.923251)
(-0.0684645 -0.397313 0.896536)
(0.100353 -0.182671 1.0474)
(0.181603 -0.335735 1.21823)
(0.00358925 -0.274749 1.36886)
(0.0910178 -0.136719 1.32972)
(-0.0781295 -0.40503 1.27423)
(-0.019655 -0.392735 1.39593)
(0.0700628 -0.138938 0.52864)
(0.192745 -0.173075 0.821424)
(0.157147 -0.204613 0.939145)
(-0.122749 0.366407 0.769109)
(0.00648063 0.10874 0.796666)
(-0.109757 0.376058 0.586209)
(-0.0917939 0.323689 0.400713)
(0.0440535 0.119843 1.2813)
(0.0284129 0.20109 1.39233)
(-0.112879 0.349501 1.05323)
(-0.087118 0.31234 0.919048)
(0.0831502 0.11465 0.92155)
(-0.248424 0.312537 0.737001)
(-0.137471 0.0761388 0.783877)
(-0.110802 0.118578 0.539244)
(-0.24021 0.323256 0.892353)
(-0.0576565 0.408808 0.298441)
(-0.0443144 0.411852 0.888565)
(-0.184487 0.196802 0.909576)
(0.755686 -0.0614427 0.273133)
(0.660334 -0.0398664 0.189694)
(0.879546 -0.0533741 0.279025)
(1.02459 -0.049096 0.295385)
(2.95055 -0.0593319 0.286399)
(2.84076 -0.045806 0.292632)
(3.31172 -0.0624355 0.276)
(3.07484 -0.0559932 0.28526)
(3.19172 -0.0554552 0.272318)
(3.94949 -0.0516682 0.293624)
(4.21141 -0.0636535 0.276263)
(4.33941 -0.0552521 0.275308)
(4.46388 -0.0549711 0.292902)
(4.08465 -0.0512511 0.290003)
(4.58823 -0.0605688 0.280346)
(4.71827 -0.0523762 0.282013)
(3.45081 -0.0523025 0.281188)
(3.57959 -0.052036 0.296558)
(3.70353 -0.052344 0.294289)
(3.82504 -0.0527531 0.293861)
(1.76775 -0.0531743 0.293827)
(1.63543 -0.051585 0.285597)
(1.90484 -0.0537338 0.287897)
(2.02935 -0.0554576 0.290451)
(2.145 -0.0517233 0.288462)
(2.28025 -0.0560666 0.296857)
(2.46159 -0.0545329 0.29065)
(2.56042 -0.0559653 0.295745)
(1.22047 -0.0667411 0.300316)
(1.30542 -0.0602446 0.28078)
(1.40431 -0.0530321 0.274247)
(1.51708 -0.0619707 0.273904)
(2.72674 -0.0563171 0.288794)
(4.91716 -0.0522225 0.271586)
(4.82665 -0.060826 0.270366)
(0.991636 -0.0200369 0.184543)
(3.84376 -0.0226736 0.191301)
(3.9554 -0.0206082 0.189677)
(1.87821 -0.0162292 0.185582)
(1.7766 -0.0188176 0.184173)
(2.14104 0.00964904 0.168773)
(2.67062 -0.0174642 0.180202)
(2.43289 -0.0048784 0.178261)
(0.903855 -0.0104316 0.171066)
(1.68128 -0.0165957 0.177921)
(1.97326 -0.0244468 0.180636)
(2.06505 -0.0278267 0.183051)
(2.31053 -0.0218907 0.183003)
(2.9154 -0.0231689 0.182716)
(3.71637 -0.0312042 0.182473)
(4.06089 -0.0168433 0.174498)
(0.594947 0.0572846 0.193811)
(0.656923 0.01755 0.313155)
(1.51322 0.0566206 0.289857)
(1.63833 0.0621492 0.293288)
(1.39138 0.0615936 0.278791)
(1.2271 0.0470905 0.294892)
(1.13219 0.0540497 0.29722)
(1.0115 0.0621625 0.28572)
(0.874677 0.0626274 0.276112)
(0.76388 0.058487 0.293139)
(2.28978 0.0619747 0.279862)
(2.16929 0.0572307 0.292482)
(2.03955 0.0660854 0.296252)
(1.90759 0.0642611 0.286268)
(1.77012 0.0640617 0.283771)
(2.41649 0.0637792 0.294143)
(2.54678 0.0609708 0.292038)
(2.80582 0.0635894 0.281826)
(2.93712 0.057722 0.283135)
(3.0498 0.0564131 0.282033)
(3.17572 0.0547607 0.293743)
(3.31243 0.0545854 0.290424)
(3.44263 0.0586008 0.29045)
(3.57539 0.0592563 0.283433)
(3.7028 0.0562019 0.303143)
(4.09911 0.0597196 0.281011)
(4.21438 0.0548163 0.289818)
(4.34418 0.0565681 0.290832)
(4.47624 0.05594 0.276545)
(4.59877 0.058242 0.286648)
(4.90476 0.050389 0.250638)
(4.71655 0.0558315 0.296052)
(4.82176 0.065083 0.287891)
(0.0425629 -0.0444092 0.239583)
(-0.30449 0.0889343 0.189297)
(-0.373215 0.0341299 0.150566)
(-0.461402 0.043223 0.229601)
(-0.416295 -0.0779647 0.221708)
(-0.640797 0.049966 0.182564)
(-0.572249 -0.015478 0.173379)
(-0.491453 0.0302283 0.149673)
(-0.377226 0.169415 0.179611)
(-0.389372 0.102843 0.270755)
(-0.321806 -0.146699 0.186054)
(-0.19061 -0.101809 0.186882)
(-0.40755 -0.148619 0.159835)
(-0.32296 -0.0276787 0.171803)
(-0.436067 -0.014522 0.320646)
(-0.648371 -0.0597032 0.198033)
(0.477427 -0.0669116 0.21849)
(0.289936 -0.0572831 0.18447)
(0.34234 0.0290815 0.157612)
(0.386927 -0.0257021 0.168782)
(0.449744 0.0429605 0.239554)
(0.32595 -0.161938 0.166113)
(0.463574 -0.0270053 0.309508)
(0.537166 -0.034801 0.159844)
(0.69015 0.0649695 0.204969)
(0.507639 0.0398774 0.16134)
(0.333293 0.105611 0.174615)
(0.220052 0.11526 0.206479)
(0.272159 0.0455078 0.178156)
(0.316835 0.103593 0.251837)
(0.353882 0.0319744 0.229649)
(-0.109697 0.0142997 1.3816)
(-0.36404 -0.152963 1.39655)
(0.0298989 0.0146561 1.40081)
(0.0960507 0.00507303 1.2249)
(0.229973 -0.208883 0.182861)
(-0.1784 0.108834 0.210165)
(0.0460313 -0.020325 0.392048)
(-0.0417599 0.0725385 0.197388)
(-0.188532 0.00496201 0.171125)
(0.0577646 0.0275358 0.530713)
(-0.155589 -0.124673 0.423653)
(-0.192322 0.218633 0.464828)
(-0.29221 -0.0131217 0.596776)
(0.00921497 -0.0788446 0.645802)
(0.112208 -0.00289428 0.766244)
(0.0787465 0.0542098 1.07816)
(-0.141673 -0.0596557 0.661251)
(-0.0908269 0.0295735 0.911502)
(-0.166404 0.207092 0.681846)
(0.149027 -0.134799 0.421743)
(-0.172759 -0.0246365 0.463093)
(-0.290322 0.0777861 0.47272)
(-0.247029 0.236221 0.204013)
(-0.247195 0.339913 0.219361)
(-0.289486 -0.0778837 0.256818)
(-0.236751 -0.182818 0.216124)
(-0.129726 -0.373776 0.369413)
(-0.282631 -0.298669 0.421548)
(0.383351 -0.106511 1.20421)
(-0.16877 -0.113943 1.23343)
(0.392104 -0.106234 0.925184)
(0.39985 0.120736 1.248)
(-0.179788 0.228026 1.19683)
(0.109997 0.261555 1.272)
(-0.0681867 0.160089 0.936533)
(0.00557327 0.226777 0.894692)
(-0.385591 -0.0718865 1.24974)
(-0.355522 0.107113 1.26134)
(-0.350911 0.149039 1.38505)
(0.147055 0.201104 0.217636)
(0.0945492 -0.311084 0.195058)
(0.356943 -0.0402087 0.368919)
(0.313461 -0.229387 0.495139)
(0.39912 -0.149133 0.486013)
(0.319746 -0.0134654 0.523882)
(0.401588 -0.0232357 0.465564)
(0.244552 0.147148 0.465828)
(0.404304 0.0951768 0.496014)
(0.416635 -0.0275272 0.787046)
(0.247209 0.108049 0.703153)
(0.404145 0.0951057 0.729943)
(-0.00187533 -0.038457 0.843967)
(0.223866 0.0908033 0.857458)
(0.405504 0.127421 0.887889)
(0.419026 -0.0169442 1.00841)
(0.398671 0.125592 1.01228)
(0.174635 -0.102489 0.18824)
(0.148069 -0.383939 0.45945)
(0.138346 0.0997799 0.314411)
(0.120241 0.103256 0.453026)
(-0.424063 -0.0105214 0.721138)
(0.00265595 -0.290108 0.31537)
(-0.350444 0.12764 1.0262)
(-0.333842 0.158535 0.734287)
(-0.36733 -0.158608 0.996209)
(-0.14209 -0.370751 0.632377)
(-0.278053 -0.308765 0.688461)
(-0.19219 -0.344109 0.887409)
(-0.0163412 -0.287808 0.837202)
(-0.155505 -0.313941 0.506675)
(-0.0396389 -0.307014 0.457999)
(-0.0579835 0.252195 0.523219)
(-0.0474365 0.250309 0.804512)
(-0.0193046 -0.284186 0.714379)
(0.134083 -0.321901 0.721596)
(0.0169432 -0.283731 0.973504)
(0.148067 -0.358414 1.0004)
(-0.0195934 -0.288101 0.5783)
(0.123954 -0.34011 0.588107)
(0.145635 -0.336184 0.854786)
(-0.341686 0.224312 0.479357)
(-0.255839 0.333622 0.468758)
(-0.0490437 -0.00353527 1.26018)
(-0.0137771 0.0146623 1.02077)
(0.110683 -0.0540101 1.0056)
(-4.95698 0.00764884 0.351947)
(4.9608 0.017225 0.32948)
(0.440791 -0.00432308 1.45457)
)


// ************************************************************************* //
