(0 0 0) (0.000622333 0.00200309 0.0020034) 1
(0 0 0) (-0.000648313 -0.00198537 -0.000882848) 1
(0 0 0) (0.000498913 0.00104105 0.000398677) 1
(0 0 0) (-0.000273671 -0.000488068 -0.000124647) 1
(0 0 0) (8.28729e-05 0.000173838 5.80292e-06) 1
(0 0 0) (9.18986e-05 -0.000164459 9.04831e-07) 1
(0 0 0) (-0.000285295 0.000465869 -0.000110421) 1
(0 0 0) (0.00052026 -0.00101363 0.00037797) 1
(0 0 0) (-0.000697644 0.00195448 -0.000850458) 1
(0 0 0) (0.000706246 -0.00197424 0.00197472) 1
(0 0 0) (-0.000648282 -0.000882702 -0.00198555) 1
(0 0 0) (0.000340252 0.000665376 0.000665326) 1
(0 0 0) (-0.000198647 -0.00021377 -0.000270102) 1
(0 0 0) (0.000106814 7.8732e-05 9.33393e-05) 1
(0 0 0) (-3.71182e-05 1.05067e-05 -1.48356e-05) 1
(0 0 0) (-3.80134e-05 -1.18723e-05 -1.12663e-05) 1
(0 0 0) (0.000112951 -7.07469e-05 8.46992e-05) 1
(0 0 0) (-0.000196697 0.000199004 -0.000254238) 1
(0 0 0) (0.00033873 -0.000637398 0.000637263) 1
(0 0 0) (-0.000698615 0.00084952 -0.00195356) 1
(0 0 0) (0.000498768 0.000398665 0.00104141) 1
(0 0 0) (-0.000198582 -0.000270038 -0.00021378) 1
(0 0 0) (6.28987e-05 4.10231e-05 4.10401e-05) 1
(0 0 0) (-1.58944e-05 -8.95734e-06 -6.87839e-07) 1
(0 0 0) (9.56736e-06 2.51551e-06 -7.83938e-07) 1
(0 0 0) (8.98735e-06 -3.04435e-06 -6.9537e-07) 1
(0 0 0) (-1.71842e-05 9.6955e-06 -8.93854e-07) 1
(0 0 0) (7.17597e-05 -3.90635e-05 3.89515e-05) 1
(0 0 0) (-0.000198501 0.000255772 -0.000199872) 1
(0 0 0) (0.000523511 -0.000379123 0.00101062) 1
(0 0 0) (-0.00027357 -0.000124393 -0.000488959) 1
(0 0 0) (0.000106588 9.30729e-05 7.86655e-05) 1
(0 0 0) (-1.59076e-05 -6.70672e-07 -8.97831e-06) 1
(0 0 0) (-4.75393e-06 4.80096e-06 4.79015e-06) 1
(0 0 0) (2.64373e-06 -2.14624e-06 -2.81939e-06) 1
(0 0 0) (2.44967e-06 2.20924e-06 -2.68251e-06) 1
(0 0 0) (-5.34591e-06 -4.79624e-06 5.13187e-06) 1
(0 0 0) (-1.75546e-05 1.35853e-06 -9.56495e-06) 1
(0 0 0) (0.000115408 -8.70108e-05 7.11883e-05) 1
(0 0 0) (-0.00028815 0.00011283 -0.00045826) 1
(0 0 0) (8.41183e-05 5.17462e-06 0.000176539) 1
(0 0 0) (-3.67377e-05 -1.44121e-05 1.04738e-05) 1
(0 0 0) (9.48805e-06 -7.9972e-07 2.47631e-06) 1
(0 0 0) (2.59556e-06 -2.81163e-06 -2.14038e-06) 1
(0 0 0) (-1.72391e-06 1.95395e-07 1.70879e-07) 1
(0 0 0) (-1.53206e-06 5.24411e-08 3.52639e-07) 1
(0 0 0) (2.97131e-06 2.86916e-06 -2.18832e-06) 1
(0 0 0) (9.52563e-06 7.08703e-07 3.26465e-06) 1
(0 0 0) (-4.24693e-05 1.53983e-05 1.23399e-05) 1
(0 0 0) (8.32937e-05 -6.33178e-06 0.000142014) 1
(0 0 0) (8.80455e-05 2.99464e-06 -0.000172548) 1
(0 0 0) (-3.73206e-05 -1.28276e-05 -1.11935e-05) 1
(0 0 0) (9.2686e-06 -8.6171e-07 -2.80275e-06) 1
(0 0 0) (2.47175e-06 -2.695e-06 2.10249e-06) 1
(0 0 0) (-1.57418e-06 3.40956e-07 6.27307e-08) 1
(0 0 0) (-1.25715e-06 -2.17978e-07 -2.45143e-07) 1
(0 0 0) (2.1484e-06 2.67608e-06 3.03041e-06) 1
(0 0 0) (6.6235e-06 -2.40142e-07 -4.27085e-06) 1
(0 0 0) (-4.04739e-05 1.47321e-06 -1.57356e-05) 1
(0 0 0) (0.000114828 1.08004e-05 -0.000105043) 1
(0 0 0) (-0.000278407 -0.000118307 0.000480145) 1
(0 0 0) (0.00010938 8.94705e-05 -7.52385e-05) 1
(0 0 0) (-1.69091e-05 -4.48965e-07 9.15655e-06) 1
(0 0 0) (-5.0437e-06 4.9195e-06 -4.57922e-06) 1
(0 0 0) (2.99593e-06 -2.08192e-06 2.87221e-06) 1
(0 0 0) (2.10436e-06 3.02247e-06 2.6575e-06) 1
(0 0 0) (-7.50985e-06 -6.2383e-06 -6.25956e-06) 1
(0 0 0) (-1.74481e-05 4.36686e-06 1.39483e-05) 1
(0 0 0) (0.000137987 -5.33494e-05 -3.96548e-05) 1
(0 0 0) (-0.00033275 5.76239e-05 0.000363741) 1
(0 0 0) (0.000506857 0.000390392 -0.00103061) 1
(0 0 0) (-0.000197426 -0.000263114 0.000207081) 1
(0 0 0) (6.76849e-05 4.02933e-05 -4.03681e-05) 1
(0 0 0) (-1.72703e-05 -9.03073e-06 9.31841e-07) 1
(0 0 0) (9.80467e-06 3.01311e-06 8.61358e-07) 1
(0 0 0) (6.54813e-06 -4.24183e-06 -2.52066e-07) 1
(0 0 0) (-1.74651e-05 1.3963e-05 4.32249e-06) 1
(0 0 0) (0.000100029 -2.93265e-05 -2.93245e-05) 1
(0 0 0) (-0.000193365 0.000199282 0.000148157) 1
(0 0 0) (0.000603659 -0.000294099 -0.000891621) 1
(0 0 0) (-0.000668397 -0.000870515 0.00197469) 1
(0 0 0) (0.000339032 0.000653937 -0.000654089) 1
(0 0 0) (-0.000199193 -0.000207916 0.000264668) 1
(0 0 0) (0.000111862 7.56821e-05 -9.17598e-05) 1
(0 0 0) (-4.17989e-05 1.16358e-05 1.69917e-05) 1
(0 0 0) (-4.01198e-05 -1.57049e-05 1.04594e-06) 1
(0 0 0) (0.000137674 -3.96185e-05 -5.31529e-05) 1
(0 0 0) (-0.000193306 0.000148147 0.000199212) 1
(0 0 0) (0.000332469 -0.000533153 -0.000533124) 1
(0 0 0) (-0.000858734 0.000713007 0.00180574) 1
(0 0 0) (0.000655343 0.00199389 -0.00199387) 1
(0 0 0) (-0.000669463 -0.0019741 0.000869506) 1
(0 0 0) (0.000510006 0.00102742 -0.000391415) 1
(0 0 0) (-0.000281382 -0.000472454 0.000120686) 1
(0 0 0) (7.9552e-05 0.000150088 -8.43992e-06) 1
(0 0 0) (0.00011605 -0.000107851 1.13949e-05) 1
(0 0 0) (-0.000332673 0.000364602 5.74163e-05) 1
(0 0 0) (0.000603516 -0.000891956 -0.000293979) 1
(0 0 0) (-0.000858639 0.00180586 0.000713003) 1
(0 0 0) (0.000994082 -0.00183028 -0.00183028) 1
