# Patch: inlet
100
(
4(0 1 2 3)
4(3 2 4 5)
4(5 4 6 7)
4(7 6 8 9)
4(9 8 10 11)
4(11 10 12 13)
4(13 12 14 15)
4(15 14 16 17)
4(17 16 18 19)
4(19 18 20 21)
4(1 22 23 2)
4(2 23 24 4)
4(4 24 25 6)
4(6 25 26 8)
4(8 26 27 10)
4(10 27 28 12)
4(12 28 29 14)
4(14 29 30 16)
4(16 30 31 18)
4(18 31 32 20)
4(22 33 34 23)
4(23 34 35 24)
4(24 35 36 25)
4(25 36 37 26)
4(26 37 38 27)
4(27 38 39 28)
4(28 39 40 29)
4(29 40 41 30)
4(30 41 42 31)
4(31 42 43 32)
4(33 44 45 34)
4(34 45 46 35)
4(35 46 47 36)
4(36 47 48 37)
4(37 48 49 38)
4(38 49 50 39)
4(39 50 51 40)
4(40 51 52 41)
4(41 52 53 42)
4(42 53 54 43)
4(44 55 56 45)
4(45 56 57 46)
4(46 57 58 47)
4(47 58 59 48)
4(48 59 60 49)
4(49 60 61 50)
4(50 61 62 51)
4(51 62 63 52)
4(52 63 64 53)
4(53 64 65 54)
4(55 66 67 56)
4(56 67 68 57)
4(57 68 69 58)
4(58 69 70 59)
4(59 70 71 60)
4(60 71 72 61)
4(61 72 73 62)
4(62 73 74 63)
4(63 74 75 64)
4(64 75 76 65)
4(66 77 78 67)
4(67 78 79 68)
4(68 79 80 69)
4(69 80 81 70)
4(70 81 82 71)
4(71 82 83 72)
4(72 83 84 73)
4(73 84 85 74)
4(74 85 86 75)
4(75 86 87 76)
4(77 88 89 78)
4(78 89 90 79)
4(79 90 91 80)
4(80 91 92 81)
4(81 92 93 82)
4(82 93 94 83)
4(83 94 95 84)
4(84 95 96 85)
4(85 96 97 86)
4(86 97 98 87)
4(88 99 100 89)
4(89 100 101 90)
4(90 101 102 91)
4(91 102 103 92)
4(92 103 104 93)
4(93 104 105 94)
4(94 105 106 95)
4(95 106 107 96)
4(96 107 108 97)
4(97 108 109 98)
4(99 110 111 100)
4(100 111 112 101)
4(101 112 113 102)
4(102 113 114 103)
4(103 114 115 104)
4(104 115 116 105)
4(105 116 117 106)
4(106 117 118 107)
4(107 118 119 108)
4(108 119 120 109)
)

