/*--------------------------------*- C++ -*----------------------------------*\
  =========                 |
  \\      /  F ield         | OpenFOAM: The Open Source CFD Toolbox
   \\    /   O peration     | Website:  https://openfoam.org
    \\  /    A nd           | Version:  8
     \\/     M anipulation  |
\*---------------------------------------------------------------------------*/
FoamFile
{
    version     2.0;
    format      ascii;
    class       volScalarField;
    location    "0";
    object      p;
}
// * * * * * * * * * * * * * * * * * * * * * * * * * * * * * * * * * * * * * //

dimensions      [1 -1 -2 0 0 0 0];

internalField   nonuniform List<scalar> 
2000
(
3392.42
3392.42
3392.42
3392.42
3392.42
3392.42
3392.42
3392.42
3392.42
3392.42
3392.42
3392.42
3392.42
3392.42
3392.42
3392.42
3392.42
3392.42
3392.42
3392.42
3798.01
3798.01
3798.01
3798.01
3798.01
3798.01
3798.01
3798.01
3798.01
3798.01
3798.01
3798.01
3798.01
3798.01
3798.01
3798.01
3798.01
3798.01
3798.01
3798.01
4111.4
4111.4
4111.4
4111.4
4111.4
4111.4
4111.4
4111.4
4111.4
4111.4
4111.4
4111.4
4111.4
4111.4
4111.4
4111.4
4111.4
4111.4
4111.4
4111.4
4324.77
4324.77
4324.77
4324.77
4324.77
4324.77
4324.77
4324.77
4324.77
4324.77
4324.77
4324.77
4324.77
4324.77
4324.77
4324.77
4324.77
4324.77
4324.77
4324.77
4432.88
4432.88
4432.88
4432.88
4432.88
4432.88
4432.88
4432.88
4432.88
4432.88
4432.88
4432.88
4432.88
4432.88
4432.88
4432.88
4432.88
4432.88
4432.88
4432.88
4432.88
4432.88
4432.88
4432.88
4432.88
4432.88
4432.88
4432.88
4432.88
4432.88
4432.88
4432.88
4432.88
4432.88
4432.88
4432.88
4432.88
4432.88
4432.88
4432.88
4324.77
4324.77
4324.77
4324.77
4324.77
4324.77
4324.77
4324.77
4324.77
4324.77
4324.77
4324.77
4324.77
4324.77
4324.77
4324.77
4324.77
4324.77
4324.77
4324.77
4111.4
4111.4
4111.4
4111.4
4111.4
4111.4
4111.4
4111.4
4111.4
4111.4
4111.4
4111.4
4111.4
4111.4
4111.4
4111.4
4111.4
4111.4
4111.4
4111.4
3798.01
3798.01
3798.01
3798.01
3798.01
3798.01
3798.01
3798.01
3798.01
3798.01
3798.01
3798.01
3798.01
3798.01
3798.01
3798.01
3798.01
3798.01
3798.01
3798.01
3392.42
3392.42
3392.42
3392.42
3392.42
3392.42
3392.42
3392.42
3392.42
3392.42
3392.42
3392.42
3392.42
3392.42
3392.42
3392.42
3392.42
3392.42
3392.42
3392.42
2723.77
2723.77
2723.77
2723.77
2723.77
2723.77
2723.77
2723.77
2723.77
2723.77
2723.77
2723.77
2723.77
2723.77
2723.77
2723.77
2723.77
2723.77
2723.77
2723.77
3039.25
3039.25
3039.25
3039.25
3039.25
3039.25
3039.25
3039.25
3039.25
3039.25
3039.25
3039.25
3039.25
3039.25
3039.25
3039.25
3039.25
3039.25
3039.25
3039.25
3283.01
3283.01
3283.01
3283.01
3283.01
3283.01
3283.01
3283.01
3283.01
3283.01
3283.01
3283.01
3283.01
3283.01
3283.01
3283.01
3283.01
3283.01
3283.01
3283.01
3448.98
3448.98
3448.98
3448.98
3448.98
3448.98
3448.98
3448.98
3448.98
3448.98
3448.98
3448.98
3448.98
3448.98
3448.98
3448.98
3448.98
3448.98
3448.98
3448.98
3533.07
3533.07
3533.07
3533.07
3533.07
3533.07
3533.07
3533.07
3533.07
3533.07
3533.07
3533.07
3533.07
3533.07
3533.07
3533.07
3533.07
3533.07
3533.07
3533.07
3533.07
3533.07
3533.07
3533.07
3533.07
3533.07
3533.07
3533.07
3533.07
3533.07
3533.07
3533.07
3533.07
3533.07
3533.07
3533.07
3533.07
3533.07
3533.07
3533.07
3448.98
3448.98
3448.98
3448.98
3448.98
3448.98
3448.98
3448.98
3448.98
3448.98
3448.98
3448.98
3448.98
3448.98
3448.98
3448.98
3448.98
3448.98
3448.98
3448.98
3283.01
3283.01
3283.01
3283.01
3283.01
3283.01
3283.01
3283.01
3283.01
3283.01
3283.01
3283.01
3283.01
3283.01
3283.01
3283.01
3283.01
3283.01
3283.01
3283.01
3039.25
3039.25
3039.25
3039.25
3039.25
3039.25
3039.25
3039.25
3039.25
3039.25
3039.25
3039.25
3039.25
3039.25
3039.25
3039.25
3039.25
3039.25
3039.25
3039.25
2723.77
2723.77
2723.77
2723.77
2723.77
2723.77
2723.77
2723.77
2723.77
2723.77
2723.77
2723.77
2723.77
2723.77
2723.77
2723.77
2723.77
2723.77
2723.77
2723.77
1992.17
1992.17
1992.17
1992.17
1992.17
1992.17
1992.17
1992.17
1992.17
1992.17
1992.17
1992.17
1992.17
1992.17
1992.17
1992.17
1992.17
1992.17
1992.17
1992.17
2217.51
2217.51
2217.51
2217.51
2217.51
2217.51
2217.51
2217.51
2217.51
2217.51
2217.51
2217.51
2217.51
2217.51
2217.51
2217.51
2217.51
2217.51
2217.51
2217.51
2391.63
2391.63
2391.63
2391.63
2391.63
2391.63
2391.63
2391.63
2391.63
2391.63
2391.63
2391.63
2391.63
2391.63
2391.63
2391.63
2391.63
2391.63
2391.63
2391.63
2510.19
2510.19
2510.19
2510.19
2510.19
2510.19
2510.19
2510.19
2510.19
2510.19
2510.19
2510.19
2510.19
2510.19
2510.19
2510.19
2510.19
2510.19
2510.19
2510.19
2570.25
2570.25
2570.25
2570.25
2570.25
2570.25
2570.25
2570.25
2570.25
2570.25
2570.25
2570.25
2570.25
2570.25
2570.25
2570.25
2570.25
2570.25
2570.25
2570.25
2570.25
2570.25
2570.25
2570.25
2570.25
2570.25
2570.25
2570.25
2570.25
2570.25
2570.25
2570.25
2570.25
2570.25
2570.25
2570.25
2570.25
2570.25
2570.25
2570.25
2510.19
2510.19
2510.19
2510.19
2510.19
2510.19
2510.19
2510.19
2510.19
2510.19
2510.19
2510.19
2510.19
2510.19
2510.19
2510.19
2510.19
2510.19
2510.19
2510.19
2391.63
2391.63
2391.63
2391.63
2391.63
2391.63
2391.63
2391.63
2391.63
2391.63
2391.63
2391.63
2391.63
2391.63
2391.63
2391.63
2391.63
2391.63
2391.63
2391.63
2217.51
2217.51
2217.51
2217.51
2217.51
2217.51
2217.51
2217.51
2217.51
2217.51
2217.51
2217.51
2217.51
2217.51
2217.51
2217.51
2217.51
2217.51
2217.51
2217.51
1992.17
1992.17
1992.17
1992.17
1992.17
1992.17
1992.17
1992.17
1992.17
1992.17
1992.17
1992.17
1992.17
1992.17
1992.17
1992.17
1992.17
1992.17
1992.17
1992.17
1214.48
1214.48
1214.48
1214.48
1214.48
1214.48
1214.48
1214.48
1214.48
1214.48
1214.48
1214.48
1214.48
1214.48
1214.48
1214.48
1214.48
1214.48
1214.48
1214.48
1349.69
1349.69
1349.69
1349.69
1349.69
1349.69
1349.69
1349.69
1349.69
1349.69
1349.69
1349.69
1349.69
1349.69
1349.69
1349.69
1349.69
1349.69
1349.69
1349.69
1454.16
1454.16
1454.16
1454.16
1454.16
1454.16
1454.16
1454.16
1454.16
1454.16
1454.16
1454.16
1454.16
1454.16
1454.16
1454.16
1454.16
1454.16
1454.16
1454.16
1525.3
1525.3
1525.3
1525.3
1525.3
1525.3
1525.3
1525.3
1525.3
1525.3
1525.3
1525.3
1525.3
1525.3
1525.3
1525.3
1525.3
1525.3
1525.3
1525.3
1561.34
1561.34
1561.34
1561.34
1561.34
1561.34
1561.34
1561.34
1561.34
1561.34
1561.34
1561.34
1561.34
1561.34
1561.34
1561.34
1561.34
1561.34
1561.34
1561.34
1561.34
1561.34
1561.34
1561.34
1561.34
1561.34
1561.34
1561.34
1561.34
1561.34
1561.34
1561.34
1561.34
1561.34
1561.34
1561.34
1561.34
1561.34
1561.34
1561.34
1525.3
1525.3
1525.3
1525.3
1525.3
1525.3
1525.3
1525.3
1525.3
1525.3
1525.3
1525.3
1525.3
1525.3
1525.3
1525.3
1525.3
1525.3
1525.3
1525.3
1454.16
1454.16
1454.16
1454.16
1454.16
1454.16
1454.16
1454.16
1454.16
1454.16
1454.16
1454.16
1454.16
1454.16
1454.16
1454.16
1454.16
1454.16
1454.16
1454.16
1349.69
1349.69
1349.69
1349.69
1349.69
1349.69
1349.69
1349.69
1349.69
1349.69
1349.69
1349.69
1349.69
1349.69
1349.69
1349.69
1349.69
1349.69
1349.69
1349.69
1214.48
1214.48
1214.48
1214.48
1214.48
1214.48
1214.48
1214.48
1214.48
1214.48
1214.48
1214.48
1214.48
1214.48
1214.48
1214.48
1214.48
1214.48
1214.48
1214.48
408.142
408.142
408.142
408.142
408.142
408.142
408.142
408.142
408.142
408.142
408.142
408.142
408.142
408.142
408.142
408.142
408.142
408.142
408.142
408.142
453.211
453.211
453.211
453.211
453.211
453.211
453.211
453.211
453.211
453.211
453.211
453.211
453.211
453.211
453.211
453.211
453.211
453.211
453.211
453.211
488.037
488.037
488.037
488.037
488.037
488.037
488.037
488.037
488.037
488.037
488.037
488.037
488.037
488.037
488.037
488.037
488.037
488.037
488.037
488.037
511.749
511.749
511.749
511.749
511.749
511.749
511.749
511.749
511.749
511.749
511.749
511.749
511.749
511.749
511.749
511.749
511.749
511.749
511.749
511.749
523.763
523.763
523.763
523.763
523.763
523.763
523.763
523.763
523.763
523.763
523.763
523.763
523.763
523.763
523.763
523.763
523.763
523.763
523.763
523.763
523.763
523.763
523.763
523.763
523.763
523.763
523.763
523.763
523.763
523.763
523.763
523.763
523.763
523.763
523.763
523.763
523.763
523.763
523.763
523.763
511.749
511.749
511.749
511.749
511.749
511.749
511.749
511.749
511.749
511.749
511.749
511.749
511.749
511.749
511.749
511.749
511.749
511.749
511.749
511.749
488.037
488.037
488.037
488.037
488.037
488.037
488.037
488.037
488.037
488.037
488.037
488.037
488.037
488.037
488.037
488.037
488.037
488.037
488.037
488.037
453.211
453.211
453.211
453.211
453.211
453.211
453.211
453.211
453.211
453.211
453.211
453.211
453.211
453.211
453.211
453.211
453.211
453.211
453.211
453.211
408.142
408.142
408.142
408.142
408.142
408.142
408.142
408.142
408.142
408.142
408.142
408.142
408.142
408.142
408.142
408.142
408.142
408.142
408.142
408.142
-408.142
-408.142
-408.142
-408.142
-408.142
-408.142
-408.142
-408.142
-408.142
-408.142
-408.142
-408.142
-408.142
-408.142
-408.142
-408.142
-408.142
-408.142
-408.142
-408.142
-453.211
-453.211
-453.211
-453.211
-453.211
-453.211
-453.211
-453.211
-453.211
-453.211
-453.211
-453.211
-453.211
-453.211
-453.211
-453.211
-453.211
-453.211
-453.211
-453.211
-488.037
-488.037
-488.037
-488.037
-488.037
-488.037
-488.037
-488.037
-488.037
-488.037
-488.037
-488.037
-488.037
-488.037
-488.037
-488.037
-488.037
-488.037
-488.037
-488.037
-511.749
-511.749
-511.749
-511.749
-511.749
-511.749
-511.749
-511.749
-511.749
-511.749
-511.749
-511.749
-511.749
-511.749
-511.749
-511.749
-511.749
-511.749
-511.749
-511.749
-523.763
-523.763
-523.763
-523.763
-523.763
-523.763
-523.763
-523.763
-523.763
-523.763
-523.763
-523.763
-523.763
-523.763
-523.763
-523.763
-523.763
-523.763
-523.763
-523.763
-523.763
-523.763
-523.763
-523.763
-523.763
-523.763
-523.763
-523.763
-523.763
-523.763
-523.763
-523.763
-523.763
-523.763
-523.763
-523.763
-523.763
-523.763
-523.763
-523.763
-511.749
-511.749
-511.749
-511.749
-511.749
-511.749
-511.749
-511.749
-511.749
-511.749
-511.749
-511.749
-511.749
-511.749
-511.749
-511.749
-511.749
-511.749
-511.749
-511.749
-488.037
-488.037
-488.037
-488.037
-488.037
-488.037
-488.037
-488.037
-488.037
-488.037
-488.037
-488.037
-488.037
-488.037
-488.037
-488.037
-488.037
-488.037
-488.037
-488.037
-453.211
-453.211
-453.211
-453.211
-453.211
-453.211
-453.211
-453.211
-453.211
-453.211
-453.211
-453.211
-453.211
-453.211
-453.211
-453.211
-453.211
-453.211
-453.211
-453.211
-408.142
-408.142
-408.142
-408.142
-408.142
-408.142
-408.142
-408.142
-408.142
-408.142
-408.142
-408.142
-408.142
-408.142
-408.142
-408.142
-408.142
-408.142
-408.142
-408.142
-1214.48
-1214.48
-1214.48
-1214.48
-1214.48
-1214.48
-1214.48
-1214.48
-1214.48
-1214.48
-1214.48
-1214.48
-1214.48
-1214.48
-1214.48
-1214.48
-1214.48
-1214.48
-1214.48
-1214.48
-1349.69
-1349.69
-1349.69
-1349.69
-1349.69
-1349.69
-1349.69
-1349.69
-1349.69
-1349.69
-1349.69
-1349.69
-1349.69
-1349.69
-1349.69
-1349.69
-1349.69
-1349.69
-1349.69
-1349.69
-1454.16
-1454.16
-1454.16
-1454.16
-1454.16
-1454.16
-1454.16
-1454.16
-1454.16
-1454.16
-1454.16
-1454.16
-1454.16
-1454.16
-1454.16
-1454.16
-1454.16
-1454.16
-1454.16
-1454.16
-1525.3
-1525.3
-1525.3
-1525.3
-1525.3
-1525.3
-1525.3
-1525.3
-1525.3
-1525.3
-1525.3
-1525.3
-1525.3
-1525.3
-1525.3
-1525.3
-1525.3
-1525.3
-1525.3
-1525.3
-1561.34
-1561.34
-1561.34
-1561.34
-1561.34
-1561.34
-1561.34
-1561.34
-1561.34
-1561.34
-1561.34
-1561.34
-1561.34
-1561.34
-1561.34
-1561.34
-1561.34
-1561.34
-1561.34
-1561.34
-1561.34
-1561.34
-1561.34
-1561.34
-1561.34
-1561.34
-1561.34
-1561.34
-1561.34
-1561.34
-1561.34
-1561.34
-1561.34
-1561.34
-1561.34
-1561.34
-1561.34
-1561.34
-1561.34
-1561.34
-1525.3
-1525.3
-1525.3
-1525.3
-1525.3
-1525.3
-1525.3
-1525.3
-1525.3
-1525.3
-1525.3
-1525.3
-1525.3
-1525.3
-1525.3
-1525.3
-1525.3
-1525.3
-1525.3
-1525.3
-1454.16
-1454.16
-1454.16
-1454.16
-1454.16
-1454.16
-1454.16
-1454.16
-1454.16
-1454.16
-1454.16
-1454.16
-1454.16
-1454.16
-1454.16
-1454.16
-1454.16
-1454.16
-1454.16
-1454.16
-1349.69
-1349.69
-1349.69
-1349.69
-1349.69
-1349.69
-1349.69
-1349.69
-1349.69
-1349.69
-1349.69
-1349.69
-1349.69
-1349.69
-1349.69
-1349.69
-1349.69
-1349.69
-1349.69
-1349.69
-1214.48
-1214.48
-1214.48
-1214.48
-1214.48
-1214.48
-1214.48
-1214.48
-1214.48
-1214.48
-1214.48
-1214.48
-1214.48
-1214.48
-1214.48
-1214.48
-1214.48
-1214.48
-1214.48
-1214.48
-1992.17
-1992.17
-1992.17
-1992.17
-1992.17
-1992.17
-1992.17
-1992.17
-1992.17
-1992.17
-1992.17
-1992.17
-1992.17
-1992.17
-1992.17
-1992.17
-1992.17
-1992.17
-1992.17
-1992.17
-2217.51
-2217.51
-2217.51
-2217.51
-2217.51
-2217.51
-2217.51
-2217.51
-2217.51
-2217.51
-2217.51
-2217.51
-2217.51
-2217.51
-2217.51
-2217.51
-2217.51
-2217.51
-2217.51
-2217.51
-2391.63
-2391.63
-2391.63
-2391.63
-2391.63
-2391.63
-2391.63
-2391.63
-2391.63
-2391.63
-2391.63
-2391.63
-2391.63
-2391.63
-2391.63
-2391.63
-2391.63
-2391.63
-2391.63
-2391.63
-2510.19
-2510.19
-2510.19
-2510.19
-2510.19
-2510.19
-2510.19
-2510.19
-2510.19
-2510.19
-2510.19
-2510.19
-2510.19
-2510.19
-2510.19
-2510.19
-2510.19
-2510.19
-2510.19
-2510.19
-2570.25
-2570.25
-2570.25
-2570.25
-2570.25
-2570.25
-2570.25
-2570.25
-2570.25
-2570.25
-2570.25
-2570.25
-2570.25
-2570.25
-2570.25
-2570.25
-2570.25
-2570.25
-2570.25
-2570.25
-2570.25
-2570.25
-2570.25
-2570.25
-2570.25
-2570.25
-2570.25
-2570.25
-2570.25
-2570.25
-2570.25
-2570.25
-2570.25
-2570.25
-2570.25
-2570.25
-2570.25
-2570.25
-2570.25
-2570.25
-2510.19
-2510.19
-2510.19
-2510.19
-2510.19
-2510.19
-2510.19
-2510.19
-2510.19
-2510.19
-2510.19
-2510.19
-2510.19
-2510.19
-2510.19
-2510.19
-2510.19
-2510.19
-2510.19
-2510.19
-2391.63
-2391.63
-2391.63
-2391.63
-2391.63
-2391.63
-2391.63
-2391.63
-2391.63
-2391.63
-2391.63
-2391.63
-2391.63
-2391.63
-2391.63
-2391.63
-2391.63
-2391.63
-2391.63
-2391.63
-2217.51
-2217.51
-2217.51
-2217.51
-2217.51
-2217.51
-2217.51
-2217.51
-2217.51
-2217.51
-2217.51
-2217.51
-2217.51
-2217.51
-2217.51
-2217.51
-2217.51
-2217.51
-2217.51
-2217.51
-1992.17
-1992.17
-1992.17
-1992.17
-1992.17
-1992.17
-1992.17
-1992.17
-1992.17
-1992.17
-1992.17
-1992.17
-1992.17
-1992.17
-1992.17
-1992.17
-1992.17
-1992.17
-1992.17
-1992.17
-2723.77
-2723.77
-2723.77
-2723.77
-2723.77
-2723.77
-2723.77
-2723.77
-2723.77
-2723.77
-2723.77
-2723.77
-2723.77
-2723.77
-2723.77
-2723.77
-2723.77
-2723.77
-2723.77
-2723.77
-3039.25
-3039.25
-3039.25
-3039.25
-3039.25
-3039.25
-3039.25
-3039.25
-3039.25
-3039.25
-3039.25
-3039.25
-3039.25
-3039.25
-3039.25
-3039.25
-3039.25
-3039.25
-3039.25
-3039.25
-3283.01
-3283.01
-3283.01
-3283.01
-3283.01
-3283.01
-3283.01
-3283.01
-3283.01
-3283.01
-3283.01
-3283.01
-3283.01
-3283.01
-3283.01
-3283.01
-3283.01
-3283.01
-3283.01
-3283.01
-3448.98
-3448.98
-3448.98
-3448.98
-3448.98
-3448.98
-3448.98
-3448.98
-3448.98
-3448.98
-3448.98
-3448.98
-3448.98
-3448.98
-3448.98
-3448.98
-3448.98
-3448.98
-3448.98
-3448.98
-3533.07
-3533.07
-3533.07
-3533.07
-3533.07
-3533.07
-3533.07
-3533.07
-3533.07
-3533.07
-3533.07
-3533.07
-3533.07
-3533.07
-3533.07
-3533.07
-3533.07
-3533.07
-3533.07
-3533.07
-3533.07
-3533.07
-3533.07
-3533.07
-3533.07
-3533.07
-3533.07
-3533.07
-3533.07
-3533.07
-3533.07
-3533.07
-3533.07
-3533.07
-3533.07
-3533.07
-3533.07
-3533.07
-3533.07
-3533.07
-3448.98
-3448.98
-3448.98
-3448.98
-3448.98
-3448.98
-3448.98
-3448.98
-3448.98
-3448.98
-3448.98
-3448.98
-3448.98
-3448.98
-3448.98
-3448.98
-3448.98
-3448.98
-3448.98
-3448.98
-3283.01
-3283.01
-3283.01
-3283.01
-3283.01
-3283.01
-3283.01
-3283.01
-3283.01
-3283.01
-3283.01
-3283.01
-3283.01
-3283.01
-3283.01
-3283.01
-3283.01
-3283.01
-3283.01
-3283.01
-3039.25
-3039.25
-3039.25
-3039.25
-3039.25
-3039.25
-3039.25
-3039.25
-3039.25
-3039.25
-3039.25
-3039.25
-3039.25
-3039.25
-3039.25
-3039.25
-3039.25
-3039.25
-3039.25
-3039.25
-2723.77
-2723.77
-2723.77
-2723.77
-2723.77
-2723.77
-2723.77
-2723.77
-2723.77
-2723.77
-2723.77
-2723.77
-2723.77
-2723.77
-2723.77
-2723.77
-2723.77
-2723.77
-2723.77
-2723.77
-3392.42
-3392.42
-3392.42
-3392.42
-3392.42
-3392.42
-3392.42
-3392.42
-3392.42
-3392.42
-3392.42
-3392.42
-3392.42
-3392.42
-3392.42
-3392.42
-3392.42
-3392.42
-3392.42
-3392.42
-3798.01
-3798.01
-3798.01
-3798.01
-3798.01
-3798.01
-3798.01
-3798.01
-3798.01
-3798.01
-3798.01
-3798.01
-3798.01
-3798.01
-3798.01
-3798.01
-3798.01
-3798.01
-3798.01
-3798.01
-4111.4
-4111.4
-4111.4
-4111.4
-4111.4
-4111.4
-4111.4
-4111.4
-4111.4
-4111.4
-4111.4
-4111.4
-4111.4
-4111.4
-4111.4
-4111.4
-4111.4
-4111.4
-4111.4
-4111.4
-4324.77
-4324.77
-4324.77
-4324.77
-4324.77
-4324.77
-4324.77
-4324.77
-4324.77
-4324.77
-4324.77
-4324.77
-4324.77
-4324.77
-4324.77
-4324.77
-4324.77
-4324.77
-4324.77
-4324.77
-4432.88
-4432.88
-4432.88
-4432.88
-4432.88
-4432.88
-4432.88
-4432.88
-4432.88
-4432.88
-4432.88
-4432.88
-4432.88
-4432.88
-4432.88
-4432.88
-4432.88
-4432.88
-4432.88
-4432.88
-4432.88
-4432.88
-4432.88
-4432.88
-4432.88
-4432.88
-4432.88
-4432.88
-4432.88
-4432.88
-4432.88
-4432.88
-4432.88
-4432.88
-4432.88
-4432.88
-4432.88
-4432.88
-4432.88
-4432.88
-4324.77
-4324.77
-4324.77
-4324.77
-4324.77
-4324.77
-4324.77
-4324.77
-4324.77
-4324.77
-4324.77
-4324.77
-4324.77
-4324.77
-4324.77
-4324.77
-4324.77
-4324.77
-4324.77
-4324.77
-4111.4
-4111.4
-4111.4
-4111.4
-4111.4
-4111.4
-4111.4
-4111.4
-4111.4
-4111.4
-4111.4
-4111.4
-4111.4
-4111.4
-4111.4
-4111.4
-4111.4
-4111.4
-4111.4
-4111.4
-3798.01
-3798.01
-3798.01
-3798.01
-3798.01
-3798.01
-3798.01
-3798.01
-3798.01
-3798.01
-3798.01
-3798.01
-3798.01
-3798.01
-3798.01
-3798.01
-3798.01
-3798.01
-3798.01
-3798.01
-3392.42
-3392.42
-3392.42
-3392.42
-3392.42
-3392.42
-3392.42
-3392.42
-3392.42
-3392.42
-3392.42
-3392.42
-3392.42
-3392.42
-3392.42
-3392.42
-3392.42
-3392.42
-3392.42
-3392.42
)
;

boundaryField
{
    inlet
    {
        type            calculated;
        value           nonuniform List<scalar> 
100
(
3392.42
3798.01
4111.4
4324.77
4432.88
4432.88
4324.77
4111.4
3798.01
3392.42
2723.77
3039.25
3283.01
3448.98
3533.07
3533.07
3448.98
3283.01
3039.25
2723.77
1992.17
2217.51
2391.63
2510.19
2570.25
2570.25
2510.19
2391.63
2217.51
1992.17
1214.48
1349.69
1454.16
1525.3
1561.34
1561.34
1525.3
1454.16
1349.69
1214.48
408.142
453.211
488.037
511.749
523.763
523.763
511.749
488.037
453.211
408.142
-408.142
-453.211
-488.037
-511.749
-523.763
-523.763
-511.749
-488.037
-453.211
-408.142
-1214.48
-1349.69
-1454.16
-1525.3
-1561.34
-1561.34
-1525.3
-1454.16
-1349.69
-1214.48
-1992.17
-2217.51
-2391.63
-2510.19
-2570.25
-2570.25
-2510.19
-2391.63
-2217.51
-1992.17
-2723.77
-3039.25
-3283.01
-3448.98
-3533.07
-3533.07
-3448.98
-3283.01
-3039.25
-2723.77
-3392.42
-3798.01
-4111.4
-4324.77
-4432.88
-4432.88
-4324.77
-4111.4
-3798.01
-3392.42
)
;
    }
    outlet
    {
        type            calculated;
        value           nonuniform List<scalar> 
100
(
3392.42
3798.01
4111.4
4324.77
4432.88
4432.88
4324.77
4111.4
3798.01
3392.42
2723.77
3039.25
3283.01
3448.98
3533.07
3533.07
3448.98
3283.01
3039.25
2723.77
1992.17
2217.51
2391.63
2510.19
2570.25
2570.25
2510.19
2391.63
2217.51
1992.17
1214.48
1349.69
1454.16
1525.3
1561.34
1561.34
1525.3
1454.16
1349.69
1214.48
408.142
453.211
488.037
511.749
523.763
523.763
511.749
488.037
453.211
408.142
-408.142
-453.211
-488.037
-511.749
-523.763
-523.763
-511.749
-488.037
-453.211
-408.142
-1214.48
-1349.69
-1454.16
-1525.3
-1561.34
-1561.34
-1525.3
-1454.16
-1349.69
-1214.48
-1992.17
-2217.51
-2391.63
-2510.19
-2570.25
-2570.25
-2510.19
-2391.63
-2217.51
-1992.17
-2723.77
-3039.25
-3283.01
-3448.98
-3533.07
-3533.07
-3448.98
-3283.01
-3039.25
-2723.77
-3392.42
-3798.01
-4111.4
-4324.77
-4432.88
-4432.88
-4324.77
-4111.4
-3798.01
-3392.42
)
;
    }
    walls
    {
        type            calculated;
        value           nonuniform List<scalar> 
800
(
3175.96
2555.52
1872.05
1142.44
384.134
-384.134
-1142.44
-1872.05
-2555.52
-3175.96
3175.96
2555.52
1872.05
1142.44
384.134
-384.134
-1142.44
-1872.05
-2555.52
-3175.96
3175.96
2555.52
1872.05
1142.44
384.134
-384.134
-1142.44
-1872.05
-2555.52
-3175.96
3175.96
2555.52
1872.05
1142.44
384.134
-384.134
-1142.44
-1872.05
-2555.52
-3175.96
3175.96
2555.52
1872.05
1142.44
384.134
-384.134
-1142.44
-1872.05
-2555.52
-3175.96
3175.96
2555.52
1872.05
1142.44
384.134
-384.134
-1142.44
-1872.05
-2555.52
-3175.96
3175.96
2555.52
1872.05
1142.44
384.134
-384.134
-1142.44
-1872.05
-2555.52
-3175.96
3175.96
2555.52
1872.05
1142.44
384.134
-384.134
-1142.44
-1872.05
-2555.52
-3175.96
3175.96
2555.52
1872.05
1142.44
384.134
-384.134
-1142.44
-1872.05
-2555.52
-3175.96
3175.96
2555.52
1872.05
1142.44
384.134
-384.134
-1142.44
-1872.05
-2555.52
-3175.96
3175.96
2555.52
1872.05
1142.44
384.134
-384.134
-1142.44
-1872.05
-2555.52
-3175.96
3175.96
2555.52
1872.05
1142.44
384.134
-384.134
-1142.44
-1872.05
-2555.52
-3175.96
3175.96
2555.52
1872.05
1142.44
384.134
-384.134
-1142.44
-1872.05
-2555.52
-3175.96
3175.96
2555.52
1872.05
1142.44
384.134
-384.134
-1142.44
-1872.05
-2555.52
-3175.96
3175.96
2555.52
1872.05
1142.44
384.134
-384.134
-1142.44
-1872.05
-2555.52
-3175.96
3175.96
2555.52
1872.05
1142.44
384.134
-384.134
-1142.44
-1872.05
-2555.52
-3175.96
3175.96
2555.52
1872.05
1142.44
384.134
-384.134
-1142.44
-1872.05
-2555.52
-3175.96
3175.96
2555.52
1872.05
1142.44
384.134
-384.134
-1142.44
-1872.05
-2555.52
-3175.96
3175.96
2555.52
1872.05
1142.44
384.134
-384.134
-1142.44
-1872.05
-2555.52
-3175.96
3175.96
2555.52
1872.05
1142.44
384.134
-384.134
-1142.44
-1872.05
-2555.52
-3175.96
3175.96
2555.52
1872.05
1142.44
384.134
-384.134
-1142.44
-1872.05
-2555.52
-3175.96
3175.96
2555.52
1872.05
1142.44
384.134
-384.134
-1142.44
-1872.05
-2555.52
-3175.96
3175.96
2555.52
1872.05
1142.44
384.134
-384.134
-1142.44
-1872.05
-2555.52
-3175.96
3175.96
2555.52
1872.05
1142.44
384.134
-384.134
-1142.44
-1872.05
-2555.52
-3175.96
3175.96
2555.52
1872.05
1142.44
384.134
-384.134
-1142.44
-1872.05
-2555.52
-3175.96
3175.96
2555.52
1872.05
1142.44
384.134
-384.134
-1142.44
-1872.05
-2555.52
-3175.96
3175.96
2555.52
1872.05
1142.44
384.134
-384.134
-1142.44
-1872.05
-2555.52
-3175.96
3175.96
2555.52
1872.05
1142.44
384.134
-384.134
-1142.44
-1872.05
-2555.52
-3175.96
3175.96
2555.52
1872.05
1142.44
384.134
-384.134
-1142.44
-1872.05
-2555.52
-3175.96
3175.96
2555.52
1872.05
1142.44
384.134
-384.134
-1142.44
-1872.05
-2555.52
-3175.96
3175.96
2555.52
1872.05
1142.44
384.134
-384.134
-1142.44
-1872.05
-2555.52
-3175.96
3175.96
2555.52
1872.05
1142.44
384.134
-384.134
-1142.44
-1872.05
-2555.52
-3175.96
3175.96
2555.52
1872.05
1142.44
384.134
-384.134
-1142.44
-1872.05
-2555.52
-3175.96
3175.96
2555.52
1872.05
1142.44
384.134
-384.134
-1142.44
-1872.05
-2555.52
-3175.96
3175.96
2555.52
1872.05
1142.44
384.134
-384.134
-1142.44
-1872.05
-2555.52
-3175.96
3175.96
2555.52
1872.05
1142.44
384.134
-384.134
-1142.44
-1872.05
-2555.52
-3175.96
3175.96
2555.52
1872.05
1142.44
384.134
-384.134
-1142.44
-1872.05
-2555.52
-3175.96
3175.96
2555.52
1872.05
1142.44
384.134
-384.134
-1142.44
-1872.05
-2555.52
-3175.96
3175.96
2555.52
1872.05
1142.44
384.134
-384.134
-1142.44
-1872.05
-2555.52
-3175.96
3175.96
2555.52
1872.05
1142.44
384.134
-384.134
-1142.44
-1872.05
-2555.52
-3175.96
3718.12
4168.97
4517.35
4754.55
4874.73
4874.73
4754.55
4517.35
4168.97
3718.12
3718.12
4168.97
4517.35
4754.55
4874.73
4874.73
4754.55
4517.35
4168.97
3718.12
3718.12
4168.97
4517.35
4754.55
4874.73
4874.73
4754.55
4517.35
4168.97
3718.12
3718.12
4168.97
4517.35
4754.55
4874.73
4874.73
4754.55
4517.35
4168.97
3718.12
3718.12
4168.97
4517.35
4754.55
4874.73
4874.73
4754.55
4517.35
4168.97
3718.12
3718.12
4168.97
4517.35
4754.55
4874.73
4874.73
4754.55
4517.35
4168.97
3718.12
3718.12
4168.97
4517.35
4754.55
4874.73
4874.73
4754.55
4517.35
4168.97
3718.12
3718.12
4168.97
4517.35
4754.55
4874.73
4874.73
4754.55
4517.35
4168.97
3718.12
3718.12
4168.97
4517.35
4754.55
4874.73
4874.73
4754.55
4517.35
4168.97
3718.12
3718.12
4168.97
4517.35
4754.55
4874.73
4874.73
4754.55
4517.35
4168.97
3718.12
3718.12
4168.97
4517.35
4754.55
4874.73
4874.73
4754.55
4517.35
4168.97
3718.12
3718.12
4168.97
4517.35
4754.55
4874.73
4874.73
4754.55
4517.35
4168.97
3718.12
3718.12
4168.97
4517.35
4754.55
4874.73
4874.73
4754.55
4517.35
4168.97
3718.12
3718.12
4168.97
4517.35
4754.55
4874.73
4874.73
4754.55
4517.35
4168.97
3718.12
3718.12
4168.97
4517.35
4754.55
4874.73
4874.73
4754.55
4517.35
4168.97
3718.12
3718.12
4168.97
4517.35
4754.55
4874.73
4874.73
4754.55
4517.35
4168.97
3718.12
3718.12
4168.97
4517.35
4754.55
4874.73
4874.73
4754.55
4517.35
4168.97
3718.12
3718.12
4168.97
4517.35
4754.55
4874.73
4874.73
4754.55
4517.35
4168.97
3718.12
3718.12
4168.97
4517.35
4754.55
4874.73
4874.73
4754.55
4517.35
4168.97
3718.12
3718.12
4168.97
4517.35
4754.55
4874.73
4874.73
4754.55
4517.35
4168.97
3718.12
-3718.12
-4168.97
-4517.35
-4754.55
-4874.73
-4874.73
-4754.55
-4517.35
-4168.97
-3718.12
-3718.12
-4168.97
-4517.35
-4754.55
-4874.73
-4874.73
-4754.55
-4517.35
-4168.97
-3718.12
-3718.12
-4168.97
-4517.35
-4754.55
-4874.73
-4874.73
-4754.55
-4517.35
-4168.97
-3718.12
-3718.12
-4168.97
-4517.35
-4754.55
-4874.73
-4874.73
-4754.55
-4517.35
-4168.97
-3718.12
-3718.12
-4168.97
-4517.35
-4754.55
-4874.73
-4874.73
-4754.55
-4517.35
-4168.97
-3718.12
-3718.12
-4168.97
-4517.35
-4754.55
-4874.73
-4874.73
-4754.55
-4517.35
-4168.97
-3718.12
-3718.12
-4168.97
-4517.35
-4754.55
-4874.73
-4874.73
-4754.55
-4517.35
-4168.97
-3718.12
-3718.12
-4168.97
-4517.35
-4754.55
-4874.73
-4874.73
-4754.55
-4517.35
-4168.97
-3718.12
-3718.12
-4168.97
-4517.35
-4754.55
-4874.73
-4874.73
-4754.55
-4517.35
-4168.97
-3718.12
-3718.12
-4168.97
-4517.35
-4754.55
-4874.73
-4874.73
-4754.55
-4517.35
-4168.97
-3718.12
-3718.12
-4168.97
-4517.35
-4754.55
-4874.73
-4874.73
-4754.55
-4517.35
-4168.97
-3718.12
-3718.12
-4168.97
-4517.35
-4754.55
-4874.73
-4874.73
-4754.55
-4517.35
-4168.97
-3718.12
-3718.12
-4168.97
-4517.35
-4754.55
-4874.73
-4874.73
-4754.55
-4517.35
-4168.97
-3718.12
-3718.12
-4168.97
-4517.35
-4754.55
-4874.73
-4874.73
-4754.55
-4517.35
-4168.97
-3718.12
-3718.12
-4168.97
-4517.35
-4754.55
-4874.73
-4874.73
-4754.55
-4517.35
-4168.97
-3718.12
-3718.12
-4168.97
-4517.35
-4754.55
-4874.73
-4874.73
-4754.55
-4517.35
-4168.97
-3718.12
-3718.12
-4168.97
-4517.35
-4754.55
-4874.73
-4874.73
-4754.55
-4517.35
-4168.97
-3718.12
-3718.12
-4168.97
-4517.35
-4754.55
-4874.73
-4874.73
-4754.55
-4517.35
-4168.97
-3718.12
-3718.12
-4168.97
-4517.35
-4754.55
-4874.73
-4874.73
-4754.55
-4517.35
-4168.97
-3718.12
-3718.12
-4168.97
-4517.35
-4754.55
-4874.73
-4874.73
-4754.55
-4517.35
-4168.97
-3718.12
)
;
    }
}


// ************************************************************************* //
