# Patch: inlet
121
(
(-5 -0.353553 -0.353553)
(-5 -0.404474 -0.29394)
(-5 -0.334677 -0.334677)
(-5 -0.29394 -0.404474)
(-5 -0.257616 -0.367472)
(-5 -0.227064 -0.445468)
(-5 -0.174966 -0.391497)
(-5 -0.154598 -0.475499)
(-5 -0.088499 -0.406161)
(-5 -0.0783149 -0.493829)
(-5 0 -0.411098)
(-5 0 -0.5)
(-5 0.088499 -0.406161)
(-5 0.0783149 -0.493829)
(-5 0.174966 -0.391497)
(-5 0.154598 -0.475499)
(-5 0.257616 -0.367472)
(-5 0.227064 -0.445468)
(-5 0.334677 -0.334677)
(-5 0.29394 -0.404474)
(-5 0.404474 -0.29394)
(-5 0.353553 -0.353553)
(-5 -0.445468 -0.227064)
(-5 -0.367472 -0.257616)
(-5 -0.282213 -0.282213)
(-5 -0.191364 -0.300231)
(-5 -0.0966979 -0.311229)
(-5 -2.77556e-17 -0.314932)
(-5 0.0966979 -0.311229)
(-5 0.191364 -0.300231)
(-5 0.282213 -0.282213)
(-5 0.367472 -0.257616)
(-5 0.445468 -0.227064)
(-5 -0.475499 -0.154598)
(-5 -0.391497 -0.174966)
(-5 -0.300231 -0.191364)
(-5 -0.203376 -0.203376)
(-5 -0.102704 -0.210708)
(-5 0 -0.213176)
(-5 0.102704 -0.210708)
(-5 0.203376 -0.203376)
(-5 0.300231 -0.191364)
(-5 0.391497 -0.174966)
(-5 0.475499 -0.154598)
(-5 -0.493829 -0.0783149)
(-5 -0.406161 -0.088499)
(-5 -0.311229 -0.0966979)
(-5 -0.210708 -0.102704)
(-5 -0.10637 -0.10637)
(-5 0 -0.107604)
(-5 0.10637 -0.10637)
(-5 0.210708 -0.102704)
(-5 0.311229 -0.0966979)
(-5 0.406161 -0.088499)
(-5 0.493829 -0.0783149)
(-5 -0.5 0)
(-5 -0.411098 0)
(-5 -0.314932 2.77556e-17)
(-5 -0.213176 0)
(-5 -0.107604 0)
(-5 0 0)
(-5 0.107604 0)
(-5 0.213176 0)
(-5 0.314932 -2.77556e-17)
(-5 0.411098 0)
(-5 0.5 0)
(-5 -0.493829 0.0783149)
(-5 -0.406161 0.088499)
(-5 -0.311229 0.0966979)
(-5 -0.210708 0.102704)
(-5 -0.10637 0.10637)
(-5 0 0.107604)
(-5 0.10637 0.10637)
(-5 0.210708 0.102704)
(-5 0.311229 0.0966979)
(-5 0.406161 0.088499)
(-5 0.493829 0.0783149)
(-5 -0.475499 0.154598)
(-5 -0.391497 0.174966)
(-5 -0.300231 0.191364)
(-5 -0.203376 0.203376)
(-5 -0.102704 0.210708)
(-5 0 0.213176)
(-5 0.102704 0.210708)
(-5 0.203376 0.203376)
(-5 0.300231 0.191364)
(-5 0.391497 0.174966)
(-5 0.475499 0.154598)
(-5 -0.445468 0.227064)
(-5 -0.367472 0.257616)
(-5 -0.282213 0.282213)
(-5 -0.191364 0.300231)
(-5 -0.0966979 0.311229)
(-5 2.77556e-17 0.314932)
(-5 0.0966979 0.311229)
(-5 0.191364 0.300231)
(-5 0.282213 0.282213)
(-5 0.367472 0.257616)
(-5 0.445468 0.227064)
(-5 -0.404474 0.29394)
(-5 -0.334677 0.334677)
(-5 -0.257616 0.367472)
(-5 -0.174966 0.391497)
(-5 -0.088499 0.406161)
(-5 0 0.411098)
(-5 0.088499 0.406161)
(-5 0.174966 0.391497)
(-5 0.257616 0.367472)
(-5 0.334677 0.334677)
(-5 0.404474 0.29394)
(-5 -0.353553 0.353553)
(-5 -0.29394 0.404474)
(-5 -0.227064 0.445468)
(-5 -0.154598 0.475499)
(-5 -0.0783149 0.493829)
(-5 0 0.5)
(-5 0.0783149 0.493829)
(-5 0.154598 0.475499)
(-5 0.227064 0.445468)
(-5 0.29394 0.404474)
(-5 0.353553 0.353553)
)

