# Patch: movingWall
42
(
(0 0.1 0)
(0 0.1 0.01)
(0.005 0.1 0.01)
(0.005 0.1 0)
(0.01 0.1 0.01)
(0.01 0.1 0)
(0.015 0.1 0.01)
(0.015 0.1 0)
(0.02 0.1 0.01)
(0.02 0.1 0)
(0.025 0.1 0.01)
(0.025 0.1 0)
(0.03 0.1 0.01)
(0.03 0.1 0)
(0.035 0.1 0.01)
(0.035 0.1 0)
(0.04 0.1 0.01)
(0.04 0.1 0)
(0.045 0.1 0.01)
(0.045 0.1 0)
(0.05 0.1 0.01)
(0.05 0.1 0)
(0.055 0.1 0.01)
(0.055 0.1 0)
(0.06 0.1 0.01)
(0.06 0.1 0)
(0.065 0.1 0.01)
(0.065 0.1 0)
(0.07 0.1 0.01)
(0.07 0.1 0)
(0.075 0.1 0.01)
(0.075 0.1 0)
(0.08 0.1 0.01)
(0.08 0.1 0)
(0.085 0.1 0.01)
(0.085 0.1 0)
(0.09 0.1 0.01)
(0.09 0.1 0)
(0.095 0.1 0.01)
(0.095 0.1 0)
(0.1 0.1 0.01)
(0.1 0.1 0)
)

