/*--------------------------------*- C++ -*----------------------------------*\
  =========                 |
  \\      /  F ield         | OpenFOAM: The Open Source CFD Toolbox
   \\    /   O peration     | Website:  https://openfoam.org
    \\  /    A nd           | Version:  8
     \\/     M anipulation  |
\*---------------------------------------------------------------------------*/
FoamFile
{
    version     2.0;
    format      ascii;
    class       labelList;
    note        "nPoints: 2541 nCells: 2000 nFaces: 6500 nInternalFaces: 5500";
    location    "constant/polyMesh";
    object      neighbour;
}
// * * * * * * * * * * * * * * * * * * * * * * * * * * * * * * * * * * * * * //


5500
(
1
20
200
2
21
201
3
22
202
4
23
203
5
24
204
6
25
205
7
26
206
8
27
207
9
28
208
10
29
209
11
30
210
12
31
211
13
32
212
14
33
213
15
34
214
16
35
215
17
36
216
18
37
217
19
38
218
39
219
21
40
220
22
41
221
23
42
222
24
43
223
25
44
224
26
45
225
27
46
226
28
47
227
29
48
228
30
49
229
31
50
230
32
51
231
33
52
232
34
53
233
35
54
234
36
55
235
37
56
236
38
57
237
39
58
238
59
239
41
60
240
42
61
241
43
62
242
44
63
243
45
64
244
46
65
245
47
66
246
48
67
247
49
68
248
50
69
249
51
70
250
52
71
251
53
72
252
54
73
253
55
74
254
56
75
255
57
76
256
58
77
257
59
78
258
79
259
61
80
260
62
81
261
63
82
262
64
83
263
65
84
264
66
85
265
67
86
266
68
87
267
69
88
268
70
89
269
71
90
270
72
91
271
73
92
272
74
93
273
75
94
274
76
95
275
77
96
276
78
97
277
79
98
278
99
279
81
100
280
82
101
281
83
102
282
84
103
283
85
104
284
86
105
285
87
106
286
88
107
287
89
108
288
90
109
289
91
110
290
92
111
291
93
112
292
94
113
293
95
114
294
96
115
295
97
116
296
98
117
297
99
118
298
119
299
101
120
300
102
121
301
103
122
302
104
123
303
105
124
304
106
125
305
107
126
306
108
127
307
109
128
308
110
129
309
111
130
310
112
131
311
113
132
312
114
133
313
115
134
314
116
135
315
117
136
316
118
137
317
119
138
318
139
319
121
140
320
122
141
321
123
142
322
124
143
323
125
144
324
126
145
325
127
146
326
128
147
327
129
148
328
130
149
329
131
150
330
132
151
331
133
152
332
134
153
333
135
154
334
136
155
335
137
156
336
138
157
337
139
158
338
159
339
141
160
340
142
161
341
143
162
342
144
163
343
145
164
344
146
165
345
147
166
346
148
167
347
149
168
348
150
169
349
151
170
350
152
171
351
153
172
352
154
173
353
155
174
354
156
175
355
157
176
356
158
177
357
159
178
358
179
359
161
180
360
162
181
361
163
182
362
164
183
363
165
184
364
166
185
365
167
186
366
168
187
367
169
188
368
170
189
369
171
190
370
172
191
371
173
192
372
174
193
373
175
194
374
176
195
375
177
196
376
178
197
377
179
198
378
199
379
181
380
182
381
183
382
184
383
185
384
186
385
187
386
188
387
189
388
190
389
191
390
192
391
193
392
194
393
195
394
196
395
197
396
198
397
199
398
399
201
220
400
202
221
401
203
222
402
204
223
403
205
224
404
206
225
405
207
226
406
208
227
407
209
228
408
210
229
409
211
230
410
212
231
411
213
232
412
214
233
413
215
234
414
216
235
415
217
236
416
218
237
417
219
238
418
239
419
221
240
420
222
241
421
223
242
422
224
243
423
225
244
424
226
245
425
227
246
426
228
247
427
229
248
428
230
249
429
231
250
430
232
251
431
233
252
432
234
253
433
235
254
434
236
255
435
237
256
436
238
257
437
239
258
438
259
439
241
260
440
242
261
441
243
262
442
244
263
443
245
264
444
246
265
445
247
266
446
248
267
447
249
268
448
250
269
449
251
270
450
252
271
451
253
272
452
254
273
453
255
274
454
256
275
455
257
276
456
258
277
457
259
278
458
279
459
261
280
460
262
281
461
263
282
462
264
283
463
265
284
464
266
285
465
267
286
466
268
287
467
269
288
468
270
289
469
271
290
470
272
291
471
273
292
472
274
293
473
275
294
474
276
295
475
277
296
476
278
297
477
279
298
478
299
479
281
300
480
282
301
481
283
302
482
284
303
483
285
304
484
286
305
485
287
306
486
288
307
487
289
308
488
290
309
489
291
310
490
292
311
491
293
312
492
294
313
493
295
314
494
296
315
495
297
316
496
298
317
497
299
318
498
319
499
301
320
500
302
321
501
303
322
502
304
323
503
305
324
504
306
325
505
307
326
506
308
327
507
309
328
508
310
329
509
311
330
510
312
331
511
313
332
512
314
333
513
315
334
514
316
335
515
317
336
516
318
337
517
319
338
518
339
519
321
340
520
322
341
521
323
342
522
324
343
523
325
344
524
326
345
525
327
346
526
328
347
527
329
348
528
330
349
529
331
350
530
332
351
531
333
352
532
334
353
533
335
354
534
336
355
535
337
356
536
338
357
537
339
358
538
359
539
341
360
540
342
361
541
343
362
542
344
363
543
345
364
544
346
365
545
347
366
546
348
367
547
349
368
548
350
369
549
351
370
550
352
371
551
353
372
552
354
373
553
355
374
554
356
375
555
357
376
556
358
377
557
359
378
558
379
559
361
380
560
362
381
561
363
382
562
364
383
563
365
384
564
366
385
565
367
386
566
368
387
567
369
388
568
370
389
569
371
390
570
372
391
571
373
392
572
374
393
573
375
394
574
376
395
575
377
396
576
378
397
577
379
398
578
399
579
381
580
382
581
383
582
384
583
385
584
386
585
387
586
388
587
389
588
390
589
391
590
392
591
393
592
394
593
395
594
396
595
397
596
398
597
399
598
599
401
420
600
402
421
601
403
422
602
404
423
603
405
424
604
406
425
605
407
426
606
408
427
607
409
428
608
410
429
609
411
430
610
412
431
611
413
432
612
414
433
613
415
434
614
416
435
615
417
436
616
418
437
617
419
438
618
439
619
421
440
620
422
441
621
423
442
622
424
443
623
425
444
624
426
445
625
427
446
626
428
447
627
429
448
628
430
449
629
431
450
630
432
451
631
433
452
632
434
453
633
435
454
634
436
455
635
437
456
636
438
457
637
439
458
638
459
639
441
460
640
442
461
641
443
462
642
444
463
643
445
464
644
446
465
645
447
466
646
448
467
647
449
468
648
450
469
649
451
470
650
452
471
651
453
472
652
454
473
653
455
474
654
456
475
655
457
476
656
458
477
657
459
478
658
479
659
461
480
660
462
481
661
463
482
662
464
483
663
465
484
664
466
485
665
467
486
666
468
487
667
469
488
668
470
489
669
471
490
670
472
491
671
473
492
672
474
493
673
475
494
674
476
495
675
477
496
676
478
497
677
479
498
678
499
679
481
500
680
482
501
681
483
502
682
484
503
683
485
504
684
486
505
685
487
506
686
488
507
687
489
508
688
490
509
689
491
510
690
492
511
691
493
512
692
494
513
693
495
514
694
496
515
695
497
516
696
498
517
697
499
518
698
519
699
501
520
700
502
521
701
503
522
702
504
523
703
505
524
704
506
525
705
507
526
706
508
527
707
509
528
708
510
529
709
511
530
710
512
531
711
513
532
712
514
533
713
515
534
714
516
535
715
517
536
716
518
537
717
519
538
718
539
719
521
540
720
522
541
721
523
542
722
524
543
723
525
544
724
526
545
725
527
546
726
528
547
727
529
548
728
530
549
729
531
550
730
532
551
731
533
552
732
534
553
733
535
554
734
536
555
735
537
556
736
538
557
737
539
558
738
559
739
541
560
740
542
561
741
543
562
742
544
563
743
545
564
744
546
565
745
547
566
746
548
567
747
549
568
748
550
569
749
551
570
750
552
571
751
553
572
752
554
573
753
555
574
754
556
575
755
557
576
756
558
577
757
559
578
758
579
759
561
580
760
562
581
761
563
582
762
564
583
763
565
584
764
566
585
765
567
586
766
568
587
767
569
588
768
570
589
769
571
590
770
572
591
771
573
592
772
574
593
773
575
594
774
576
595
775
577
596
776
578
597
777
579
598
778
599
779
581
780
582
781
583
782
584
783
585
784
586
785
587
786
588
787
589
788
590
789
591
790
592
791
593
792
594
793
595
794
596
795
597
796
598
797
599
798
799
601
620
800
602
621
801
603
622
802
604
623
803
605
624
804
606
625
805
607
626
806
608
627
807
609
628
808
610
629
809
611
630
810
612
631
811
613
632
812
614
633
813
615
634
814
616
635
815
617
636
816
618
637
817
619
638
818
639
819
621
640
820
622
641
821
623
642
822
624
643
823
625
644
824
626
645
825
627
646
826
628
647
827
629
648
828
630
649
829
631
650
830
632
651
831
633
652
832
634
653
833
635
654
834
636
655
835
637
656
836
638
657
837
639
658
838
659
839
641
660
840
642
661
841
643
662
842
644
663
843
645
664
844
646
665
845
647
666
846
648
667
847
649
668
848
650
669
849
651
670
850
652
671
851
653
672
852
654
673
853
655
674
854
656
675
855
657
676
856
658
677
857
659
678
858
679
859
661
680
860
662
681
861
663
682
862
664
683
863
665
684
864
666
685
865
667
686
866
668
687
867
669
688
868
670
689
869
671
690
870
672
691
871
673
692
872
674
693
873
675
694
874
676
695
875
677
696
876
678
697
877
679
698
878
699
879
681
700
880
682
701
881
683
702
882
684
703
883
685
704
884
686
705
885
687
706
886
688
707
887
689
708
888
690
709
889
691
710
890
692
711
891
693
712
892
694
713
893
695
714
894
696
715
895
697
716
896
698
717
897
699
718
898
719
899
701
720
900
702
721
901
703
722
902
704
723
903
705
724
904
706
725
905
707
726
906
708
727
907
709
728
908
710
729
909
711
730
910
712
731
911
713
732
912
714
733
913
715
734
914
716
735
915
717
736
916
718
737
917
719
738
918
739
919
721
740
920
722
741
921
723
742
922
724
743
923
725
744
924
726
745
925
727
746
926
728
747
927
729
748
928
730
749
929
731
750
930
732
751
931
733
752
932
734
753
933
735
754
934
736
755
935
737
756
936
738
757
937
739
758
938
759
939
741
760
940
742
761
941
743
762
942
744
763
943
745
764
944
746
765
945
747
766
946
748
767
947
749
768
948
750
769
949
751
770
950
752
771
951
753
772
952
754
773
953
755
774
954
756
775
955
757
776
956
758
777
957
759
778
958
779
959
761
780
960
762
781
961
763
782
962
764
783
963
765
784
964
766
785
965
767
786
966
768
787
967
769
788
968
770
789
969
771
790
970
772
791
971
773
792
972
774
793
973
775
794
974
776
795
975
777
796
976
778
797
977
779
798
978
799
979
781
980
782
981
783
982
784
983
785
984
786
985
787
986
788
987
789
988
790
989
791
990
792
991
793
992
794
993
795
994
796
995
797
996
798
997
799
998
999
801
820
1000
802
821
1001
803
822
1002
804
823
1003
805
824
1004
806
825
1005
807
826
1006
808
827
1007
809
828
1008
810
829
1009
811
830
1010
812
831
1011
813
832
1012
814
833
1013
815
834
1014
816
835
1015
817
836
1016
818
837
1017
819
838
1018
839
1019
821
840
1020
822
841
1021
823
842
1022
824
843
1023
825
844
1024
826
845
1025
827
846
1026
828
847
1027
829
848
1028
830
849
1029
831
850
1030
832
851
1031
833
852
1032
834
853
1033
835
854
1034
836
855
1035
837
856
1036
838
857
1037
839
858
1038
859
1039
841
860
1040
842
861
1041
843
862
1042
844
863
1043
845
864
1044
846
865
1045
847
866
1046
848
867
1047
849
868
1048
850
869
1049
851
870
1050
852
871
1051
853
872
1052
854
873
1053
855
874
1054
856
875
1055
857
876
1056
858
877
1057
859
878
1058
879
1059
861
880
1060
862
881
1061
863
882
1062
864
883
1063
865
884
1064
866
885
1065
867
886
1066
868
887
1067
869
888
1068
870
889
1069
871
890
1070
872
891
1071
873
892
1072
874
893
1073
875
894
1074
876
895
1075
877
896
1076
878
897
1077
879
898
1078
899
1079
881
900
1080
882
901
1081
883
902
1082
884
903
1083
885
904
1084
886
905
1085
887
906
1086
888
907
1087
889
908
1088
890
909
1089
891
910
1090
892
911
1091
893
912
1092
894
913
1093
895
914
1094
896
915
1095
897
916
1096
898
917
1097
899
918
1098
919
1099
901
920
1100
902
921
1101
903
922
1102
904
923
1103
905
924
1104
906
925
1105
907
926
1106
908
927
1107
909
928
1108
910
929
1109
911
930
1110
912
931
1111
913
932
1112
914
933
1113
915
934
1114
916
935
1115
917
936
1116
918
937
1117
919
938
1118
939
1119
921
940
1120
922
941
1121
923
942
1122
924
943
1123
925
944
1124
926
945
1125
927
946
1126
928
947
1127
929
948
1128
930
949
1129
931
950
1130
932
951
1131
933
952
1132
934
953
1133
935
954
1134
936
955
1135
937
956
1136
938
957
1137
939
958
1138
959
1139
941
960
1140
942
961
1141
943
962
1142
944
963
1143
945
964
1144
946
965
1145
947
966
1146
948
967
1147
949
968
1148
950
969
1149
951
970
1150
952
971
1151
953
972
1152
954
973
1153
955
974
1154
956
975
1155
957
976
1156
958
977
1157
959
978
1158
979
1159
961
980
1160
962
981
1161
963
982
1162
964
983
1163
965
984
1164
966
985
1165
967
986
1166
968
987
1167
969
988
1168
970
989
1169
971
990
1170
972
991
1171
973
992
1172
974
993
1173
975
994
1174
976
995
1175
977
996
1176
978
997
1177
979
998
1178
999
1179
981
1180
982
1181
983
1182
984
1183
985
1184
986
1185
987
1186
988
1187
989
1188
990
1189
991
1190
992
1191
993
1192
994
1193
995
1194
996
1195
997
1196
998
1197
999
1198
1199
1001
1020
1200
1002
1021
1201
1003
1022
1202
1004
1023
1203
1005
1024
1204
1006
1025
1205
1007
1026
1206
1008
1027
1207
1009
1028
1208
1010
1029
1209
1011
1030
1210
1012
1031
1211
1013
1032
1212
1014
1033
1213
1015
1034
1214
1016
1035
1215
1017
1036
1216
1018
1037
1217
1019
1038
1218
1039
1219
1021
1040
1220
1022
1041
1221
1023
1042
1222
1024
1043
1223
1025
1044
1224
1026
1045
1225
1027
1046
1226
1028
1047
1227
1029
1048
1228
1030
1049
1229
1031
1050
1230
1032
1051
1231
1033
1052
1232
1034
1053
1233
1035
1054
1234
1036
1055
1235
1037
1056
1236
1038
1057
1237
1039
1058
1238
1059
1239
1041
1060
1240
1042
1061
1241
1043
1062
1242
1044
1063
1243
1045
1064
1244
1046
1065
1245
1047
1066
1246
1048
1067
1247
1049
1068
1248
1050
1069
1249
1051
1070
1250
1052
1071
1251
1053
1072
1252
1054
1073
1253
1055
1074
1254
1056
1075
1255
1057
1076
1256
1058
1077
1257
1059
1078
1258
1079
1259
1061
1080
1260
1062
1081
1261
1063
1082
1262
1064
1083
1263
1065
1084
1264
1066
1085
1265
1067
1086
1266
1068
1087
1267
1069
1088
1268
1070
1089
1269
1071
1090
1270
1072
1091
1271
1073
1092
1272
1074
1093
1273
1075
1094
1274
1076
1095
1275
1077
1096
1276
1078
1097
1277
1079
1098
1278
1099
1279
1081
1100
1280
1082
1101
1281
1083
1102
1282
1084
1103
1283
1085
1104
1284
1086
1105
1285
1087
1106
1286
1088
1107
1287
1089
1108
1288
1090
1109
1289
1091
1110
1290
1092
1111
1291
1093
1112
1292
1094
1113
1293
1095
1114
1294
1096
1115
1295
1097
1116
1296
1098
1117
1297
1099
1118
1298
1119
1299
1101
1120
1300
1102
1121
1301
1103
1122
1302
1104
1123
1303
1105
1124
1304
1106
1125
1305
1107
1126
1306
1108
1127
1307
1109
1128
1308
1110
1129
1309
1111
1130
1310
1112
1131
1311
1113
1132
1312
1114
1133
1313
1115
1134
1314
1116
1135
1315
1117
1136
1316
1118
1137
1317
1119
1138
1318
1139
1319
1121
1140
1320
1122
1141
1321
1123
1142
1322
1124
1143
1323
1125
1144
1324
1126
1145
1325
1127
1146
1326
1128
1147
1327
1129
1148
1328
1130
1149
1329
1131
1150
1330
1132
1151
1331
1133
1152
1332
1134
1153
1333
1135
1154
1334
1136
1155
1335
1137
1156
1336
1138
1157
1337
1139
1158
1338
1159
1339
1141
1160
1340
1142
1161
1341
1143
1162
1342
1144
1163
1343
1145
1164
1344
1146
1165
1345
1147
1166
1346
1148
1167
1347
1149
1168
1348
1150
1169
1349
1151
1170
1350
1152
1171
1351
1153
1172
1352
1154
1173
1353
1155
1174
1354
1156
1175
1355
1157
1176
1356
1158
1177
1357
1159
1178
1358
1179
1359
1161
1180
1360
1162
1181
1361
1163
1182
1362
1164
1183
1363
1165
1184
1364
1166
1185
1365
1167
1186
1366
1168
1187
1367
1169
1188
1368
1170
1189
1369
1171
1190
1370
1172
1191
1371
1173
1192
1372
1174
1193
1373
1175
1194
1374
1176
1195
1375
1177
1196
1376
1178
1197
1377
1179
1198
1378
1199
1379
1181
1380
1182
1381
1183
1382
1184
1383
1185
1384
1186
1385
1187
1386
1188
1387
1189
1388
1190
1389
1191
1390
1192
1391
1193
1392
1194
1393
1195
1394
1196
1395
1197
1396
1198
1397
1199
1398
1399
1201
1220
1400
1202
1221
1401
1203
1222
1402
1204
1223
1403
1205
1224
1404
1206
1225
1405
1207
1226
1406
1208
1227
1407
1209
1228
1408
1210
1229
1409
1211
1230
1410
1212
1231
1411
1213
1232
1412
1214
1233
1413
1215
1234
1414
1216
1235
1415
1217
1236
1416
1218
1237
1417
1219
1238
1418
1239
1419
1221
1240
1420
1222
1241
1421
1223
1242
1422
1224
1243
1423
1225
1244
1424
1226
1245
1425
1227
1246
1426
1228
1247
1427
1229
1248
1428
1230
1249
1429
1231
1250
1430
1232
1251
1431
1233
1252
1432
1234
1253
1433
1235
1254
1434
1236
1255
1435
1237
1256
1436
1238
1257
1437
1239
1258
1438
1259
1439
1241
1260
1440
1242
1261
1441
1243
1262
1442
1244
1263
1443
1245
1264
1444
1246
1265
1445
1247
1266
1446
1248
1267
1447
1249
1268
1448
1250
1269
1449
1251
1270
1450
1252
1271
1451
1253
1272
1452
1254
1273
1453
1255
1274
1454
1256
1275
1455
1257
1276
1456
1258
1277
1457
1259
1278
1458
1279
1459
1261
1280
1460
1262
1281
1461
1263
1282
1462
1264
1283
1463
1265
1284
1464
1266
1285
1465
1267
1286
1466
1268
1287
1467
1269
1288
1468
1270
1289
1469
1271
1290
1470
1272
1291
1471
1273
1292
1472
1274
1293
1473
1275
1294
1474
1276
1295
1475
1277
1296
1476
1278
1297
1477
1279
1298
1478
1299
1479
1281
1300
1480
1282
1301
1481
1283
1302
1482
1284
1303
1483
1285
1304
1484
1286
1305
1485
1287
1306
1486
1288
1307
1487
1289
1308
1488
1290
1309
1489
1291
1310
1490
1292
1311
1491
1293
1312
1492
1294
1313
1493
1295
1314
1494
1296
1315
1495
1297
1316
1496
1298
1317
1497
1299
1318
1498
1319
1499
1301
1320
1500
1302
1321
1501
1303
1322
1502
1304
1323
1503
1305
1324
1504
1306
1325
1505
1307
1326
1506
1308
1327
1507
1309
1328
1508
1310
1329
1509
1311
1330
1510
1312
1331
1511
1313
1332
1512
1314
1333
1513
1315
1334
1514
1316
1335
1515
1317
1336
1516
1318
1337
1517
1319
1338
1518
1339
1519
1321
1340
1520
1322
1341
1521
1323
1342
1522
1324
1343
1523
1325
1344
1524
1326
1345
1525
1327
1346
1526
1328
1347
1527
1329
1348
1528
1330
1349
1529
1331
1350
1530
1332
1351
1531
1333
1352
1532
1334
1353
1533
1335
1354
1534
1336
1355
1535
1337
1356
1536
1338
1357
1537
1339
1358
1538
1359
1539
1341
1360
1540
1342
1361
1541
1343
1362
1542
1344
1363
1543
1345
1364
1544
1346
1365
1545
1347
1366
1546
1348
1367
1547
1349
1368
1548
1350
1369
1549
1351
1370
1550
1352
1371
1551
1353
1372
1552
1354
1373
1553
1355
1374
1554
1356
1375
1555
1357
1376
1556
1358
1377
1557
1359
1378
1558
1379
1559
1361
1380
1560
1362
1381
1561
1363
1382
1562
1364
1383
1563
1365
1384
1564
1366
1385
1565
1367
1386
1566
1368
1387
1567
1369
1388
1568
1370
1389
1569
1371
1390
1570
1372
1391
1571
1373
1392
1572
1374
1393
1573
1375
1394
1574
1376
1395
1575
1377
1396
1576
1378
1397
1577
1379
1398
1578
1399
1579
1381
1580
1382
1581
1383
1582
1384
1583
1385
1584
1386
1585
1387
1586
1388
1587
1389
1588
1390
1589
1391
1590
1392
1591
1393
1592
1394
1593
1395
1594
1396
1595
1397
1596
1398
1597
1399
1598
1599
1401
1420
1600
1402
1421
1601
1403
1422
1602
1404
1423
1603
1405
1424
1604
1406
1425
1605
1407
1426
1606
1408
1427
1607
1409
1428
1608
1410
1429
1609
1411
1430
1610
1412
1431
1611
1413
1432
1612
1414
1433
1613
1415
1434
1614
1416
1435
1615
1417
1436
1616
1418
1437
1617
1419
1438
1618
1439
1619
1421
1440
1620
1422
1441
1621
1423
1442
1622
1424
1443
1623
1425
1444
1624
1426
1445
1625
1427
1446
1626
1428
1447
1627
1429
1448
1628
1430
1449
1629
1431
1450
1630
1432
1451
1631
1433
1452
1632
1434
1453
1633
1435
1454
1634
1436
1455
1635
1437
1456
1636
1438
1457
1637
1439
1458
1638
1459
1639
1441
1460
1640
1442
1461
1641
1443
1462
1642
1444
1463
1643
1445
1464
1644
1446
1465
1645
1447
1466
1646
1448
1467
1647
1449
1468
1648
1450
1469
1649
1451
1470
1650
1452
1471
1651
1453
1472
1652
1454
1473
1653
1455
1474
1654
1456
1475
1655
1457
1476
1656
1458
1477
1657
1459
1478
1658
1479
1659
1461
1480
1660
1462
1481
1661
1463
1482
1662
1464
1483
1663
1465
1484
1664
1466
1485
1665
1467
1486
1666
1468
1487
1667
1469
1488
1668
1470
1489
1669
1471
1490
1670
1472
1491
1671
1473
1492
1672
1474
1493
1673
1475
1494
1674
1476
1495
1675
1477
1496
1676
1478
1497
1677
1479
1498
1678
1499
1679
1481
1500
1680
1482
1501
1681
1483
1502
1682
1484
1503
1683
1485
1504
1684
1486
1505
1685
1487
1506
1686
1488
1507
1687
1489
1508
1688
1490
1509
1689
1491
1510
1690
1492
1511
1691
1493
1512
1692
1494
1513
1693
1495
1514
1694
1496
1515
1695
1497
1516
1696
1498
1517
1697
1499
1518
1698
1519
1699
1501
1520
1700
1502
1521
1701
1503
1522
1702
1504
1523
1703
1505
1524
1704
1506
1525
1705
1507
1526
1706
1508
1527
1707
1509
1528
1708
1510
1529
1709
1511
1530
1710
1512
1531
1711
1513
1532
1712
1514
1533
1713
1515
1534
1714
1516
1535
1715
1517
1536
1716
1518
1537
1717
1519
1538
1718
1539
1719
1521
1540
1720
1522
1541
1721
1523
1542
1722
1524
1543
1723
1525
1544
1724
1526
1545
1725
1527
1546
1726
1528
1547
1727
1529
1548
1728
1530
1549
1729
1531
1550
1730
1532
1551
1731
1533
1552
1732
1534
1553
1733
1535
1554
1734
1536
1555
1735
1537
1556
1736
1538
1557
1737
1539
1558
1738
1559
1739
1541
1560
1740
1542
1561
1741
1543
1562
1742
1544
1563
1743
1545
1564
1744
1546
1565
1745
1547
1566
1746
1548
1567
1747
1549
1568
1748
1550
1569
1749
1551
1570
1750
1552
1571
1751
1553
1572
1752
1554
1573
1753
1555
1574
1754
1556
1575
1755
1557
1576
1756
1558
1577
1757
1559
1578
1758
1579
1759
1561
1580
1760
1562
1581
1761
1563
1582
1762
1564
1583
1763
1565
1584
1764
1566
1585
1765
1567
1586
1766
1568
1587
1767
1569
1588
1768
1570
1589
1769
1571
1590
1770
1572
1591
1771
1573
1592
1772
1574
1593
1773
1575
1594
1774
1576
1595
1775
1577
1596
1776
1578
1597
1777
1579
1598
1778
1599
1779
1581
1780
1582
1781
1583
1782
1584
1783
1585
1784
1586
1785
1587
1786
1588
1787
1589
1788
1590
1789
1591
1790
1592
1791
1593
1792
1594
1793
1595
1794
1596
1795
1597
1796
1598
1797
1599
1798
1799
1601
1620
1800
1602
1621
1801
1603
1622
1802
1604
1623
1803
1605
1624
1804
1606
1625
1805
1607
1626
1806
1608
1627
1807
1609
1628
1808
1610
1629
1809
1611
1630
1810
1612
1631
1811
1613
1632
1812
1614
1633
1813
1615
1634
1814
1616
1635
1815
1617
1636
1816
1618
1637
1817
1619
1638
1818
1639
1819
1621
1640
1820
1622
1641
1821
1623
1642
1822
1624
1643
1823
1625
1644
1824
1626
1645
1825
1627
1646
1826
1628
1647
1827
1629
1648
1828
1630
1649
1829
1631
1650
1830
1632
1651
1831
1633
1652
1832
1634
1653
1833
1635
1654
1834
1636
1655
1835
1637
1656
1836
1638
1657
1837
1639
1658
1838
1659
1839
1641
1660
1840
1642
1661
1841
1643
1662
1842
1644
1663
1843
1645
1664
1844
1646
1665
1845
1647
1666
1846
1648
1667
1847
1649
1668
1848
1650
1669
1849
1651
1670
1850
1652
1671
1851
1653
1672
1852
1654
1673
1853
1655
1674
1854
1656
1675
1855
1657
1676
1856
1658
1677
1857
1659
1678
1858
1679
1859
1661
1680
1860
1662
1681
1861
1663
1682
1862
1664
1683
1863
1665
1684
1864
1666
1685
1865
1667
1686
1866
1668
1687
1867
1669
1688
1868
1670
1689
1869
1671
1690
1870
1672
1691
1871
1673
1692
1872
1674
1693
1873
1675
1694
1874
1676
1695
1875
1677
1696
1876
1678
1697
1877
1679
1698
1878
1699
1879
1681
1700
1880
1682
1701
1881
1683
1702
1882
1684
1703
1883
1685
1704
1884
1686
1705
1885
1687
1706
1886
1688
1707
1887
1689
1708
1888
1690
1709
1889
1691
1710
1890
1692
1711
1891
1693
1712
1892
1694
1713
1893
1695
1714
1894
1696
1715
1895
1697
1716
1896
1698
1717
1897
1699
1718
1898
1719
1899
1701
1720
1900
1702
1721
1901
1703
1722
1902
1704
1723
1903
1705
1724
1904
1706
1725
1905
1707
1726
1906
1708
1727
1907
1709
1728
1908
1710
1729
1909
1711
1730
1910
1712
1731
1911
1713
1732
1912
1714
1733
1913
1715
1734
1914
1716
1735
1915
1717
1736
1916
1718
1737
1917
1719
1738
1918
1739
1919
1721
1740
1920
1722
1741
1921
1723
1742
1922
1724
1743
1923
1725
1744
1924
1726
1745
1925
1727
1746
1926
1728
1747
1927
1729
1748
1928
1730
1749
1929
1731
1750
1930
1732
1751
1931
1733
1752
1932
1734
1753
1933
1735
1754
1934
1736
1755
1935
1737
1756
1936
1738
1757
1937
1739
1758
1938
1759
1939
1741
1760
1940
1742
1761
1941
1743
1762
1942
1744
1763
1943
1745
1764
1944
1746
1765
1945
1747
1766
1946
1748
1767
1947
1749
1768
1948
1750
1769
1949
1751
1770
1950
1752
1771
1951
1753
1772
1952
1754
1773
1953
1755
1774
1954
1756
1775
1955
1757
1776
1956
1758
1777
1957
1759
1778
1958
1779
1959
1761
1780
1960
1762
1781
1961
1763
1782
1962
1764
1783
1963
1765
1784
1964
1766
1785
1965
1767
1786
1966
1768
1787
1967
1769
1788
1968
1770
1789
1969
1771
1790
1970
1772
1791
1971
1773
1792
1972
1774
1793
1973
1775
1794
1974
1776
1795
1975
1777
1796
1976
1778
1797
1977
1779
1798
1978
1799
1979
1781
1980
1782
1981
1783
1982
1784
1983
1785
1984
1786
1985
1787
1986
1788
1987
1789
1988
1790
1989
1791
1990
1792
1991
1793
1992
1794
1993
1795
1994
1796
1995
1797
1996
1798
1997
1799
1998
1999
1801
1820
1802
1821
1803
1822
1804
1823
1805
1824
1806
1825
1807
1826
1808
1827
1809
1828
1810
1829
1811
1830
1812
1831
1813
1832
1814
1833
1815
1834
1816
1835
1817
1836
1818
1837
1819
1838
1839
1821
1840
1822
1841
1823
1842
1824
1843
1825
1844
1826
1845
1827
1846
1828
1847
1829
1848
1830
1849
1831
1850
1832
1851
1833
1852
1834
1853
1835
1854
1836
1855
1837
1856
1838
1857
1839
1858
1859
1841
1860
1842
1861
1843
1862
1844
1863
1845
1864
1846
1865
1847
1866
1848
1867
1849
1868
1850
1869
1851
1870
1852
1871
1853
1872
1854
1873
1855
1874
1856
1875
1857
1876
1858
1877
1859
1878
1879
1861
1880
1862
1881
1863
1882
1864
1883
1865
1884
1866
1885
1867
1886
1868
1887
1869
1888
1870
1889
1871
1890
1872
1891
1873
1892
1874
1893
1875
1894
1876
1895
1877
1896
1878
1897
1879
1898
1899
1881
1900
1882
1901
1883
1902
1884
1903
1885
1904
1886
1905
1887
1906
1888
1907
1889
1908
1890
1909
1891
1910
1892
1911
1893
1912
1894
1913
1895
1914
1896
1915
1897
1916
1898
1917
1899
1918
1919
1901
1920
1902
1921
1903
1922
1904
1923
1905
1924
1906
1925
1907
1926
1908
1927
1909
1928
1910
1929
1911
1930
1912
1931
1913
1932
1914
1933
1915
1934
1916
1935
1917
1936
1918
1937
1919
1938
1939
1921
1940
1922
1941
1923
1942
1924
1943
1925
1944
1926
1945
1927
1946
1928
1947
1929
1948
1930
1949
1931
1950
1932
1951
1933
1952
1934
1953
1935
1954
1936
1955
1937
1956
1938
1957
1939
1958
1959
1941
1960
1942
1961
1943
1962
1944
1963
1945
1964
1946
1965
1947
1966
1948
1967
1949
1968
1950
1969
1951
1970
1952
1971
1953
1972
1954
1973
1955
1974
1956
1975
1957
1976
1958
1977
1959
1978
1979
1961
1980
1962
1981
1963
1982
1964
1983
1965
1984
1966
1985
1967
1986
1968
1987
1969
1988
1970
1989
1971
1990
1972
1991
1973
1992
1974
1993
1975
1994
1976
1995
1977
1996
1978
1997
1979
1998
1999
1981
1982
1983
1984
1985
1986
1987
1988
1989
1990
1991
1992
1993
1994
1995
1996
1997
1998
1999
)


// ************************************************************************* //
