/*--------------------------------*- C++ -*----------------------------------*\
  =========                 |
  \\      /  F ield         | OpenFOAM: The Open Source CFD Toolbox
   \\    /   O peration     | Website:  https://openfoam.org
    \\  /    A nd           | Version:  8
     \\/     M anipulation  |
\*---------------------------------------------------------------------------*/
FoamFile
{
    version     2.0;
    format      ascii;
    class       labelList;
    note        "nPoints: 2993 nCells: 9503 nFaces: 21425 nInternalFaces: 16587";
    location    "constant/polyMesh";
    object      neighbour;
}
// * * * * * * * * * * * * * * * * * * * * * * * * * * * * * * * * * * * * * //


16587
(
2233
7278
8872
9297
1259
6780
9374
1648
5820
7071
624
3252
6442
9123
5017
5031
7458
8836
38
2453
6326
7944
2164
5840
7741
3057
6148
6991
7672
6331
7857
9117
3025
4335
4891
9087
2696
4124
6189
4840
5295
8067
8274
23
824
7290
7706
1321
3561
8274
144
4918
5791
5920
8328
8337
2453
3356
8776
9090
6111
6554
6790
6195
7347
8990
1830
2062
5370
5676
2157
5231
7225
1279
2495
2599
4334
2899
3468
7961
304
2630
1843
3276
7239
8728
4779
6570
8064
1067
5680
8543
545
3082
4562
7766
41
47
6326
3695
4909
5973
7265
4550
5417
8983
1386
2741
6348
2397
3309
4778
4120
6219
7343
507
5646
8417
9163
2223
4425
6073
318
2578
8164
41
47
5347
8545
40
3356
3111
4094
7505
8150
2453
2757
454
2151
3651
5272
5524
5822
9401
586
2499
6692
2232
3922
9047
265
5049
7899
9103
2050
2054
49
94
4913
8948
4909
7281
8416
2073
5968
9245
4434
5422
7748
3101
3981
7369
8287
3061
5002
6893
6904
2128
3381
3388
6639
766
3373
5482
1398
2109
4625
8334
4814
5883
8346
9038
1682
3779
4986
8095
2434
4123
6418
9444
2553
3712
6862
7524
3076
7038
8186
9059
157
601
6206
8019
2041
3232
6881
7909
2799
4948
6708
991
6519
7327
8862
327
6537
9339
4436
7663
8608
693
3810
4070
4491
268
1076
4782
6664
1182
4836
7718
8650
233
281
6007
5996
6527
6547
9407
79
253
2348
2968
129
4274
8051
479
4648
7025
3137
5731
8012
467
1219
3156
5289
2278
2768
3410
192
6996
2114
3895
4780
9377
5350
6115
8603
808
3122
8703
1250
6843
6844
9333
3224
6362
6425
3572
6062
6701
8889
174
3493
4452
2331
3872
4962
8948
2694
6458
6653
2460
6242
6264
9028
1018
3760
4596
6392
3528
4180
4407
7773
1244
4084
4845
6107
1061
4596
4958
9388
8440
8950
493
1572
7538
8891
2292
3744
6421
6791
3244
5158
8094
9415
108
2733
2849
6435
2883
3063
6435
8486
1499
5463
7391
2558
6095
308
1200
3525
3846
4082
4243
4840
3745
4773
9073
4885
8494
8886
8919
2247
7594
8772
126
3006
4104
8451
751
1813
6196
3063
5418
6435
6453
350
2619
8418
9066
927
3358
5456
5885
2486
4311
6011
3234
5968
7760
2598
3311
8247
992
4784
7936
1232
3625
4737
4750
977
4147
8099
9123
284
295
1269
3605
5261
6010
1260
1383
9269
9280
1119
1553
2259
5378
1492
3539
3972
313
5239
7754
573
1453
1910
2806
8535
9089
4129
4241
6909
3588
4686
6990
8441
3064
3443
5298
1145
7029
2365
2611
3557
1017
5556
6709
6947
138
315
4997
2842
6111
7713
7853
1988
3689
4775
5013
2618
4653
5619
392
1765
3390
3397
2573
2615
2634
3677
5727
7603
2085
4238
5733
2134
3292
3398
1249
4045
6195
1534
1775
2955
145
255
3292
8148
9226
2759
3276
2170
2809
7814
1585
4101
8492
8913
1451
7905
8146
8169
214
6198
8867
9103
1569
1590
7473
2259
3557
4809
8074
1509
1755
1846
9292
5082
5205
6787
2872
4489
8437
459
2251
2696
8410
1631
2947
5425
8426
253
2145
8561
864
2342
8256
5010
7367
8950
1757
2163
2172
7161
3233
4190
4644
5764
507
1120
8417
9019
164
7768
8768
9433
198
3556
9434
4213
5131
5553
6861
170
4701
5243
7161
1370
1376
1793
456
3801
7668
8838
2357
5694
7456
8278
5549
6746
7191
989
7002
8038
9336
1182
1808
2504
3795
2766
3016
8482
8703
178
3039
4445
1957
4768
5416
7282
490
3224
3889
1070
3970
5561
7862
3089
3662
9265
269
3683
7423
8378
2671
4412
5078
1997
6945
8310
8911
3224
3459
4531
8608
239
2425
7472
1883
1995
5232
6775
3573
4543
6710
394
1151
3083
3892
4729
5868
6771
6999
4179
5620
9474
953
958
2747
8207
248
1213
8965
2246
2770
2996
253
601
345
1054
1069
588
5615
6368
7735
2448
2527
5630
6341
3526
4299
5668
9350
1391
4872
7684
2685
5420
6886
635
4117
5421
670
1862
4366
4562
2590
4094
4287
1724
8484
8489
8679
1637
1956
7271
4777
6355
7105
8458
3563
6222
6308
6349
1175
8408
8922
626
1114
1946
8858
256
688
8533
8823
5857
6158
7001
863
7986
8459
6568
6980
7053
7947
3174
4557
8021
1871
4870
5863
265
5758
7407
626
2577
3397
6371
239
246
1538
2594
4539
4541
9400
355
986
2531
8930
378
2147
3438
3462
1342
1908
5306
7478
7456
7888
8278
3420
4782
8049
1570
2893
6673
1117
3620
5207
4034
5943
8842
4932
6081
6122
6544
593
4480
5393
969
3974
7370
505
1359
3537
5270
5508
9176
719
2246
5689
6437
2512
5223
8160
8509
712
1239
235
6684
6861
1463
6018
239
4856
7134
8848
2551
6180
6231
1182
3087
3338
244
1460
1472
2036
1608
1727
2649
2930
8479
9187
9220
773
1989
8739
8811
246
8852
2868
4417
4581
7241
7420
4459
6333
7490
7792
1975
5097
3429
3432
4127
9439
298
799
8009
9439
324
342
2718
9112
6977
6994
6995
7902
4693
398
6569
6750
8764
3291
5546
260
711
6163
2248
5795
7775
4479
5591
8126
8217
1835
5905
7959
2544
7022
733
7952
7957
263
1374
3622
5757
7957
9247
3047
3050
3696
6520
995
7574
1866
3579
7532
6432
8385
8680
2114
7995
8049
4069
7216
8756
861
1769
5216
7051
1861
2587
6336
6870
814
6658
7960
419
990
3644
3671
2925
6251
7088
8377
3903
5413
7029
333
2441
2610
4925
1715
2802
4015
8217
953
1197
7960
2759
3291
3544
5422
5424
6804
7864
4086
7881
1469
1727
2419
2655
2555
2557
9198
294
9244
1839
5389
6611
6688
3136
6721
6907
8523
2475
6080
7630
8819
5180
6777
8169
3509
6029
7069
7964
3827
4084
6310
9023
970
4427
6711
4098
4328
9006
2493
7512
8384
7319
8712
9285
1155
7105
9284
3673
4096
7572
9133
1517
5241
7145
7603
671
3295
4127
428
1839
5389
5562
2395
3441
9459
1100
1481
1483
7411
3136
3358
4990
8813
311
5819
7316
7365
652
904
1905
6003
6783
8532
2886
7145
7754
3661
9046
9048
9056
1269
7319
3288
3757
6072
4282
4834
9144
774
4791
2940
4617
7864
317
4316
1006
2906
3094
7145
8243
1278
1333
3028
7145
7874
8243
3499
5059
2889
3164
4358
8318
3289
6144
7219
9435
870
3293
5397
8973
4262
4913
7281
344
2486
6215
6490
4135
7072
7494
3304
4676
7114
8188
1455
7818
9362
4074
5471
6858
374
4303
7031
8870
470
2590
4175
5281
438
3284
6924
8104
6842
6905
9110
9430
340
6839
9206
2059
8954
4695
5282
7707
395
6703
9403
1044
6114
7808
1970
2017
8928
348
783
808
7110
1891
1911
3703
351
8610
1548
4696
7733
4121
4225
683
2971
6064
4311
4314
8976
1803
5136
2444
8178
8778
8800
1571
2977
5501
8850
1971
7773
8482
895
4423
4432
6495
352
2864
6214
4847
7486
4346
6238
5030
6022
8324
367
6235
7020
7117
1355
1693
8670
662
3172
3621
8648
370
393
5391
9391
3770
6514
6520
7386
1043
1938
4071
7039
594
662
3172
1339
3365
4223
8828
3069
3074
6159
8892
3396
3446
8970
2480
7669
8978
9201
1642
3829
5015
7038
1588
6692
8937
8939
3298
7443
8648
1433
1481
1483
1399
2772
5808
3737
4641
5425
1124
1142
3318
5318
4401
5259
9175
1667
2005
8131
3900
4373
6069
6391
6393
7605
3415
4136
6828
9345
2105
7302
8566
6642
7259
8510
2817
5597
6027
6358
1348
4846
7392
2848
6896
6902
7719
2070
2333
5391
487
1993
4373
4369
4922
8077
422
1986
2766
524
2574
4856
6268
389
932
5016
1388
4582
5177
4709
8787
2678
5089
6832
7349
3083
3892
6470
2577
5176
8180
8755
8941
4553
7953
3732
5316
5338
2609
3667
4042
5282
1705
3222
3230
413
2455
4029
582
6356
6892
6893
2656
3085
6032
7127
415
3719
7199
1551
4554
7274
1587
4454
8318
1347
4300
5103
7568
1036
4385
6082
7536
2218
4528
5919
6969
3363
4307
6226
7832
710
1398
6925
8334
962
5289
8741
3654
4846
6682
1689
1861
3674
4959
467
1163
1937
4450
3254
5274
7273
2631
3477
6753
7395
5338
6971
2596
3036
6962
1208
2409
7220
597
2661
4342
5306
701
1062
7408
709
819
4771
7557
3269
6186
6839
429
4895
676
1166
3404
8094
435
437
1381
1734
6859
7287
7711
8544
8665
8553
8555
8864
9217
1600
2503
3802
2766
4154
6691
475
3219
5221
2356
5823
8007
2565
2745
5578
6543
1815
4410
8634
8808
4817
4998
5977
440
992
4784
2583
3228
7621
7687
440
4079
2654
2705
5575
7499
7689
1270
4786
3248
5000
5441
5977
3648
4492
7783
724
2127
3154
2422
4304
9405
3416
3902
4958
2925
3219
7088
3466
3686
7993
547
3016
6804
7773
3588
4479
6833
5095
5874
5876
506
4081
4901
8953
465
6773
8232
475
5398
7088
1598
3254
3734
4041
6037
7440
1276
9077
5682
7040
8571
6492
7454
7561
7564
4849
5329
2400
2686
3752
7448
1098
2702
4805
6013
6322
8668
9440
5020
6996
8018
6595
7001
7347
473
3815
9414
1123
2725
7499
3475
5286
1099
2229
2807
742
3506
3936
4974
942
2869
3748
982
1991
2214
6103
638
1612
4233
7468
2274
3300
8232
5375
5511
5575
7689
4641
2184
8158
8159
2659
5474
6330
9031
560
1149
3634
1286
3013
994
3238
7739
825
2347
3916
8185
1741
3987
4698
2234
4200
4261
7333
3148
4280
5210
1639
3300
6220
9261
3957
4787
5100
6397
1693
8059
8870
1369
4470
4808
7197
2123
3907
4880
8647
4613
4618
9310
641
1213
1963
3047
8407
8921
8924
2531
4010
2006
5520
7964
1083
1086
2343
3958
1183
5740
5749
9182
5047
6872
6928
9127
1320
2774
8506
3389
9205
9271
502
2587
3674
6514
3560
3958
8997
2967
6695
8963
1022
1452
8252
5120
6268
7472
7357
7807
550
2063
5561
2369
3349
817
5262
9068
5631
6870
9426
9447
3246
3409
4384
5165
515
5440
9167
8349
8355
8663
990
4041
5071
3035
6577
6611
8888
3492
5013
3246
5165
6628
3884
5165
6275
593
634
5263
2058
5175
9489
521
4502
9437
7186
7709
3614
5818
7603
8233
632
1215
4224
7483
4275
5644
6384
527
8301
8582
671
3434
4349
6785
9266
6863
7675
8497
3044
8475
8835
890
2387
3390
5542
544
3015
7355
552
556
562
7507
3123
4698
6287
659
6087
6880
9222
1982
2160
7859
1255
7253
7441
8500
4056
6257
7613
8413
3558
3619
8202
636
4751
7591
8770
1482
3205
5817
2301
2561
4056
5267
787
4562
8683
2888
5625
6720
552
556
546
7745
1550
5623
8073
2508
4146
8248
818
2067
5136
8323
3594
4855
4859
5706
1742
1990
3579
4417
4581
6661
5811
7264
2300
6095
6707
9160
4036
4860
4899
2838
3490
5133
7873
746
9180
9184
1288
3205
9233
1150
6089
9440
9441
2337
6986
5956
6788
7742
8525
1766
3215
7875
1027
7021
7091
8394
1468
2270
8835
1135
4683
7595
8290
574
1887
7810
3479
6210
7290
7706
569
570
4002
5577
2582
4063
6993
2257
3980
8774
1300
1691
2843
900
6071
6857
7256
1300
2843
2852
600
7191
1521
5950
8210
3342
4078
6986
8515
1157
2196
2817
8721
2518
6649
7072
8704
1392
4371
5050
4687
6081
6905
9110
944
3309
5720
3243
6352
8132
3933
4040
6910
3876
4403
6220
6868
1018
5588
6458
4046
5135
1290
2479
4720
5529
5544
5830
1663
3334
592
955
7513
727
5828
7162
4386
8858
627
7369
4416
8986
1333
4833
9251
945
5495
7179
1833
5870
7478
3259
3269
4597
600
7254
7762
8141
4701
8018
2365
3927
4512
1333
2051
4833
9422
965
3474
5109
1278
6252
6795
8390
2932
6791
8478
918
1923
3093
4625
3382
4416
9304
3072
3076
4845
9423
1524
2703
8655
5015
7038
8749
3752
4105
4232
820
897
4234
4409
1553
3308
7756
960
4836
5556
6224
817
1262
3427
7495
2313
7035
7086
8751
2934
3148
5554
2167
3538
7118
7515
1232
2046
4866
6232
1946
3174
7274
7277
5122
6795
7004
7246
3617
5368
6408
8546
2156
2639
996
2673
7330
782
1272
634
8142
8483
5878
6802
6882
2435
4544
7758
3170
3595
6623
7676
1303
2253
5944
8527
1963
4166
8701
1330
1522
6652
7611
7409
7195
9116
884
8475
8759
663
5240
9169
2601
3752
7448
2410
4058
6541
7320
3458
3769
5428
1641
4277
7037
8986
9303
644
1111
2023
5462
1967
6523
7262
905
1520
3680
5007
3658
7560
8774
8775
2277
3519
8055
898
3140
4072
8576
1833
2992
3451
6889
3129
7911
9181
1644
7212
7296
9042
3142
7830
2539
3183
6077
7753
2295
7710
8010
1425
5696
7027
9100
4152
6212
7182
659
2890
9054
4874
5160
5542
1298
6801
938
4674
8216
2626
2877
7101
4915
9303
1167
3611
2023
3767
5462
669
1146
1511
1171
2249
7447
1277
1571
2977
7435
4432
6754
7763
1884
1899
5990
4347
4776
5955
1066
4408
7755
9172
1607
3016
3034
9172
683
1249
9341
703
1295
3331
5461
4395
8084
768
2004
7074
7842
874
2188
6091
1708
2065
8224
5726
7692
7953
2623
3908
4307
6496
683
1118
6507
9341
2962
2159
2249
4837
3894
4933
5510
9377
853
2902
5353
6615
912
2865
5233
8863
711
2647
3641
4735
4760
4975
6811
1279
2495
9492
2596
6610
6956
6962
5410
6906
8036
3794
4102
1226
5200
7699
1420
6505
6967
8976
1271
5606
6631
6854
1045
1049
2132
5532
5376
5769
7089
900
2713
4886
5521
1423
7412
8189
9042
1584
2402
5637
2787
3208
5356
2680
6802
711
1888
4061
902
1959
2543
8533
2192
2575
3852
4430
1845
2707
7669
8874
1263
5803
6608
7162
1735
4563
7143
810
1199
1937
728
5931
720
1781
5335
2061
8105
8431
8446
1296
4658
7317
8688
2556
2965
7484
908
4650
4656
8864
1176
1476
5989
7640
3354
4450
5476
3221
3226
772
4466
4477
1792
7442
7601
9105
4470
7677
7790
4250
7985
3555
6889
7422
8504
1283
2353
3005
6907
4005
5803
3129
7640
9181
1238
2632
3378
1517
5159
6391
6394
3270
4608
6638
6725
741
1876
3534
7252
1809
6115
2515
5738
9032
2786
2840
4956
802
3546
4568
6017
738
2816
6114
7138
2312
2756
1723
2282
5806
6414
741
1323
5826
1568
1113
1115
4960
2550
2830
6516
8865
1468
1916
2320
8064
2898
4745
7054
7449
5588
6735
9190
754
1338
6895
1912
5549
5896
754
813
5524
5952
851
903
1549
5226
6204
7065
3254
3647
5156
6546
2135
5386
5921
9001
4142
5469
3062
6580
7061
9479
3569
3982
6406
4244
5210
8586
1638
2481
3359
5984
1230
3009
5300
1240
2751
4330
5087
863
4548
5805
5812
770
969
7009
1619
2289
8657
3681
4325
7260
1199
2060
2142
5253
4429
5845
2430
2671
7313
1151
5728
7425
5246
8040
8296
2433
9436
2779
4455
5788
9165
1824
4247
8665
2985
7111
7127
6550
8022
2430
4980
7227
7349
2084
2094
2743
5383
1005
3506
3669
916
1593
9460
1169
4017
6309
830
1946
2795
6383
1591
7227
9460
1772
8858
2227
2936
1081
1106
3580
5565
2031
6395
9255
2058
2921
6657
8789
1193
7766
3180
3837
4536
1625
2617
3677
5055
6018
6861
9225
2991
3445
9014
3835
7328
7747
1300
1439
1498
1173
1376
1793
2100
3432
3755
5069
7381
1447
5861
7112
7268
3187
7757
8868
3589
3594
5715
6112
1361
1670
5903
3214
5357
5769
6039
803
3084
6017
1640
5118
8309
1640
5100
1097
2469
8134
9377
1074
1104
6551
6559
1295
1301
5461
3159
4460
5128
8482
5188
6790
7324
811
2060
8786
2117
5290
7142
836
1358
2585
5608
1484
3883
9401
2194
6922
2319
3739
7338
823
828
4247
4488
6807
1069
5491
5194
7143
8427
1222
5096
2899
3217
6533
7961
871
1472
1764
8651
836
3910
4237
2233
9199
9202
4004
5863
6355
6782
8085
8092
5182
7120
7509
836
4747
7475
834
2051
9422
2613
2620
4988
2424
3644
4405
855
857
4557
5768
5771
8007
9395
838
1382
3702
6618
6630
8330
7469
1518
5270
6524
6749
7233
845
6409
8742
3289
3306
9435
2435
4543
4546
1466
2727
9384
1985
4334
4707
4789
3604
8028
9216
848
4657
8319
1939
2811
7885
2767
2779
4756
7063
1087
1995
8311
855
1872
2167
4507
5890
8742
1557
3417
2491
4120
5501
2736
3852
8101
1978
2400
4105
889
5867
881
3112
4137
4265
889
9145
998
1590
1608
7245
3237
3279
3818
5394
5729
6063
8380
4672
6296
6316
1821
2699
4714
5716
1688
4696
4315
4743
6494
1604
7839
9210
2777
5869
7354
5040
7245
8999
1234
5198
5653
9249
3524
5037
9435
3979
6260
1206
1560
2018
4315
2652
2826
2832
1757
2164
9062
1138
2746
3966
1521
2189
2346
2015
2881
3542
6678
7976
8656
995
5701
8621
8651
2253
6749
9446
2228
4694
7177
6917
8098
8395
1101
3738
8579
1699
3658
1609
1956
3695
9478
904
3741
7702
2146
4515
8464
5893
8351
8663
3261
8877
5024
5727
7738
1080
7132
8786
3064
4400
6754
7494
987
6752
7152
7913
2973
5548
6766
8847
2139
2718
7763
919
920
5419
3088
3750
6163
6130
7325
9016
1641
5566
8183
2297
6067
1083
1426
6674
2418
3633
6557
7048
7685
7706
7626
9306
1987
2269
4095
6311
7386
7851
1344
3339
4672
1313
2001
8403
8778
987
4767
7318
9418
912
8516
9499
1016
9317
914
3196
8269
1122
8015
1069
6614
7600
8521
8939
925
3229
4910
6715
1186
3502
7306
930
2862
4611
930
2404
925
4910
5229
4742
5916
9304
2046
2719
9232
4536
8637
8898
8906
3231
3264
4579
6005
8636
1733
3114
8813
6205
8730
8779
8896
2499
3758
5135
7434
3130
6294
1841
3785
4201
6793
3846
7822
935
3618
5952
8967
2352
4310
5239
945
1798
3807
1130
7218
7855
9096
1442
1917
2252
3436
941
3890
9465
4883
7375
7709
9437
1221
2221
7331
7622
9457
6022
6518
8324
4811
7913
8029
2157
5166
1515
8601
7759
8145
8319
1663
2597
6045
2782
5502
5852
1152
4591
8026
8781
1731
2856
3568
2665
6197
7000
7728
5783
8513
8530
954
4593
4697
8207
6864
9145
2398
3463
5586
7795
998
1469
3781
7420
3073
4115
1595
2607
7661
8879
1807
3054
6947
2439
3073
8785
967
3156
1297
3447
4129
6914
1155
3950
9126
7850
7870
1951
3761
3999
5169
1188
1385
9320
1038
6431
6474
8513
973
2803
9146
2689
4497
5428
1258
3465
6291
3974
4883
9436
4212
6133
8127
3868
4467
8655
6566
7383
8900
981
1282
6153
980
1660
1947
2861
980
5999
6509
6526
1449
1930
4106
4147
1099
2483
7199
4260
8822
8923
8926
1448
1935
2635
3421
4478
4689
8705
8816
8928
1780
8029
2919
4928
5043
8452
1616
2527
8115
2424
6901
3255
3803
8854
3238
3653
3801
4304
3789
3811
9408
7402
8197
2876
7151
2337
2582
7430
1727
9210
1000
4551
7592
3314
3725
8193
1004
7667
8911
9297
3848
3882
7362
3873
5455
7133
7543
6218
8910
9300
2474
4974
3059
3595
5294
2035
2528
3598
5267
3290
5236
6773
4911
6874
7683
8879
1997
6240
7715
8910
5699
7081
1015
8310
9332
1014
1017
8102
8396
1015
5219
6944
1017
5323
8851
9314
6162
1061
1026
5006
5832
7765
1078
1331
5354
1554
5856
7818
3773
6365
1224
4223
9493
9494
2714
3436
7575
9142
1497
2660
3927
4512
7085
7315
3793
6213
7400
1052
4820
7120
8092
5078
9022
9151
1033
2360
4487
4599
1497
4368
7618
7688
4031
5917
5972
8532
5810
7945
7117
7443
7447
2826
4258
7765
9060
1318
5735
7093
2168
8086
8546
9330
1092
2426
8488
5050
7218
8093
1048
3294
5037
7219
3065
6227
7853
8752
2144
2815
3513
4365
6499
7733
2240
7039
1319
8675
1325
3296
4890
4114
4391
8931
4143
7869
8905
1500
4463
2828
5074
9075
7585
7663
7690
1068
3885
4389
1275
1418
3727
3878
6296
7600
5652
6942
8819
9091
5810
6388
7938
8108
8697
9141
9251
3048
3162
3757
3333
5546
7903
2927
3531
5403
7879
2694
2265
5637
6531
1680
2475
8885
9087
2199
3538
8715
1081
1799
5444
9246
5786
7131
1659
5426
6383
7108
7118
1253
1742
9349
1196
3797
3965
4787
1502
3302
8463
1981
4439
6316
3065
6992
5357
5712
7635
8642
3352
4018
2482
5745
7715
9069
1207
1304
2076
5086
8116
2060
2614
1147
1503
1856
8988
8989
9424
2988
8470
1783
3574
3863
8470
3158
3950
4861
9126
2821
5692
6674
1280
8319
9296
3145
3809
9296
3740
3805
7291
8344
1457
3870
5055
6018
5888
6444
7087
9399
4731
5522
7269
1376
8705
8753
1178
7119
7188
7540
3602
3609
5370
8782
6572
7769
8434
3117
4014
9342
2913
3216
3914
9174
1439
2283
8164
8583
3095
4476
5000
5436
2130
2891
6388
3095
3665
3986
5130
5633
6309
1421
2254
3196
3422
7165
7167
7168
1938
4071
4365
2578
4758
8649
1762
4173
4182
7556
3786
4734
1799
4336
4565
9424
5580
6083
2795
6968
8300
3938
4774
7467
2896
4067
8285
8288
3976
4624
2580
2923
6064
2843
4809
1202
2636
6877
1135
2378
5668
6564
1421
1513
4111
5550
3849
4894
9486
1700
4949
9367
5661
6118
8088
5131
5164
7096
1313
4901
4972
8855
2093
6473
7690
1958
7976
8093
5077
8381
9068
3375
4683
8290
1992
4331
4948
1695
8187
8336
8605
9351
4212
4661
7018
5666
6995
8326
2053
5390
6510
2605
3521
6030
5731
7585
7663
8011
4440
6567
7595
8291
2366
3038
9090
1246
1413
5184
9386
2542
3432
4722
6105
8339
1147
5565
1153
1441
5448
5465
7654
9143
6183
8515
9448
2039
7438
8820
4553
7843
1235
4494
4965
1509
1511
9378
6683
8791
9465
9470
5983
1785
4675
5690
5942
6021
8718
1160
1372
3615
7471
5909
6211
6313
7536
1164
1172
1371
1684
8490
8515
9426
7837
8846
8932
2246
4638
9326
4689
7471
2088
3391
5598
7907
1190
1519
3119
7418
9445
7328
7552
7647
8253
3463
5128
1172
1371
7932
4465
8174
1376
8705
1375
8316
4002
8494
8919
8960
4987
7231
7417
1494
3449
8570
1224
3774
4928
6364
6373
7500
3488
5485
7496
7781
4629
5328
5381
8543
1334
1588
2037
8834
4736
6110
8014
8019
1676
3903
7941
7943
3652
8131
9389
4680
5288
3177
4390
9161
2778
3565
8741
1194
4390
8024
1408
3391
8084
2323
4536
4539
8906
4637
5770
7136
2717
3324
5935
8564
4692
4955
4971
1536
5098
5118
1273
2802
2620
5865
6723
5286
8625
2347
5863
1410
7170
7768
1955
9019
2467
3944
6143
4291
4569
6599
8640
1706
3888
6846
7178
1510
1688
3108
3974
8368
4755
5156
7598
9479
1790
4293
5669
1227
7216
9013
1345
1567
6848
7377
4170
9041
2104
8880
9040
9042
1222
3610
3424
8058
9237
1218
5351
6376
1219
3151
3475
6380
2274
3813
6387
4415
5409
4409
7483
2580
5959
9341
2569
1227
1555
7048
4446
8720
9370
1379
2412
5213
8199
8202
3775
4935
7756
5280
7196
8193
3457
6890
8225
5991
9230
2887
3150
4590
2026
4299
6977
1287
4475
2559
5336
8654
2556
2863
2965
7852
6269
7489
2771
6100
1677
2220
4897
1252
1789
4604
8658
2218
4528
6407
2132
4457
6096
8675
6244
1257
2591
4334
5771
8008
1339
2595
6462
2887
7998
9188
2077
1537
6054
8196
1569
2064
7339
2559
5185
2053
2796
5405
1488
6247
8481
1741
4810
5692
3124
5940
8116
1281
6764
2354
2654
8104
2280
5802
3554
4935
9288
1432
2003
2279
7361
1723
2279
5262
1452
3569
3982
1883
5895
9231
6069
7019
7604
1277
1281
9493
9494
2255
2815
3513
2839
5564
6030
9284
2271
8393
2146
7064
7068
5539
8300
1715
4354
6658
4762
7006
8211
1382
4364
8817
6506
8909
1279
7340
5124
1281
2019
8743
8895
6155
8272
1710
3637
8523
2712
5296
6760
9466
1305
2022
3758
3323
6015
4593
5502
1443
7907
1658
2371
5091
1710
3005
8907
2436
2529
4068
4720
2038
3637
8462
5112
5342
7409
1295
1427
6767
2262
7614
1362
6912
8899
2169
9054
9055
5252
9235
9328
2397
4658
2851
4211
5378
5806
4916
5875
9246
4883
7196
4194
4723
6026
6373
7500
2809
4544
5245
7009
4510
7625
8824
1310
3722
5331
7359
1314
2251
5073
1815
4456
6958
3500
6243
8392
8876
2579
4968
2519
8364
9093
1363
1520
1712
7295
1356
5475
6407
1542
5672
6631
6854
5964
8646
9361
1587
8656
3078
3366
4329
5009
8067
1327
2595
8828
4710
7821
1326
2415
3723
7969
4340
5399
5531
2414
2419
8438
2655
5498
7066
1346
2928
3461
6348
2018
2978
4272
8672
1636
3506
3941
5280
5367
6953
1811
6056
8215
8726
6795
2022
4194
6726
5247
5828
8030
1337
1588
1678
1732
4194
7308
8373
5443
5451
5467
5934
2906
3008
4750
6408
5078
8758
8773
9138
1906
5340
7730
4558
4589
8065
4444
4650
7551
3670
6916
7377
3077
5402
3481
3718
2480
2855
4806
1522
3506
4960
1769
3086
5216
7180
3718
7568
8370
8807
3202
4927
7462
6197
6918
7898
8706
2348
2968
7970
5064
7437
8816
2835
5687
5688
2834
6407
6424
1364
5690
9109
7016
7525
2216
5993
7322
7432
2621
2994
9439
3747
5617
6194
1643
5008
2585
4647
4908
6492
6900
7432
4183
4300
5103
7576
2905
7511
7512
1386
1388
4646
3237
4459
6584
2381
7932
7470
5376
6039
8737
4478
7695
7931
8753
1558
2575
3340
7931
8753
2427
4379
6722
3892
5765
7589
8569
1549
5083
7048
3056
5290
6119
3756
8715
1418
6749
2264
6405
3114
5448
5885
7642
4685
9473
2378
3077
3846
6913
7681
3077
2576
2581
8209
6219
7433
7882
2524
2849
3060
3289
8873
2192
5719
6267
8557
1415
4636
9353
1768
4449
6241
8305
1422
3478
4284
7922
2224
2978
4967
8388
1921
2778
4391
4890
2142
2614
7554
4406
8690
8692
1548
4612
6499
2629
4650
6323
7787
3314
3725
9237
1410
5252
9328
1942
3233
5249
2258
4362
8447
1491
3956
7112
8340
9018
5263
2685
3433
5254
1947
1951
3999
4076
4844
6291
8604
3393
7905
8146
2420
5366
6621
1433
1949
2646
6937
1503
3196
3531
5781
2812
3378
5922
6337
1696
2631
2707
8212
1756
6532
8574
3921
8183
2530
4024
5135
7368
2501
7927
6443
7228
5746
8732
1859
4506
4616
1485
4117
8439
3181
5400
5409
5746
7612
9421
1996
2020
5595
5574
5539
7749
8293
1913
6420
6609
8434
1467
1729
9378
4216
5751
9270
4392
5150
8180
1840
4746
5320
6265
6761
1467
1799
1496
2716
1451
3956
1474
1483
1949
1448
3882
4193
1476
1867
3449
2102
4525
6438
6261
1668
8175
1466
7579
8095
1489
5380
2852
8266
4406
4976
8276
8284
3969
5854
8292
3312
3337
7224
9280
3560
3891
1485
2170
3573
9108
3435
5152
7130
9205
3489
3708
3919
1470
1851
2160
3186
7650
6405
7224
9396
2163
2171
2172
2392
4565
8769
8884
1584
7372
1518
4193
7871
8558
1514
1611
1637
2325
7611
9105
3002
3548
7411
2324
7575
7926
3605
7193
4661
5895
8736
8868
1652
6012
6103
8920
2867
5266
5734
1494
5738
5740
8228
1498
1751
7519
7912
3362
5469
7812
1765
4651
6964
7497
3011
4637
5755
3072
3321
8169
9233
6127
6140
8355
1519
7905
1563
8275
2650
2724
6014
5301
5749
2261
3775
7820
3436
5521
9009
5379
5849
9359
4526
4739
4315
5532
6494
3015
7873
7874
5113
8078
8390
1509
1932
2692
3591
4267
8419
6466
6530
8591
9239
4523
4888
5875
3489
4178
6307
4757
4970
8403
8842
8723
2018
2342
1899
5739
4797
5623
8068
2241
3407
5358
3489
4057
6811
2760
3858
3883
5952
6683
7194
2886
4792
3959
1852
8581
1646
3228
6044
7608
3307
4814
5874
5881
5771
9395
1533
6497
8244
2602
3156
9319
9326
2556
4237
5796
6046
1857
1877
6184
2313
3660
7043
2392
8087
8897
2049
6271
7791
3256
5377
5759
1537
6844
1750
4874
2403
6500
6589
8966
1640
4787
1931
7033
2573
7240
8904
1677
4520
8138
3638
9347
9379
2613
4988
7736
4782
6590
4352
4946
7192
8944
1552
3335
6124
5033
7309
8135
9338
2452
3804
6356
6919
5894
7417
8123
2173
1557
7045
3082
3091
8678
7277
7314
1562
1566
1753
9362
1563
8292
5140
1561
2024
7045
1629
8124
2192
5719
8550
2658
3601
5748
6053
9282
1966
8124
5543
8041
8684
3300
4645
5359
5360
1566
5122
6120
7850
5363
8041
2099
4122
8370
7804
7806
1608
3915
7321
8032
7341
6774
7535
1966
3749
4707
5988
4149
5370
5445
6363
1865
3220
3679
6159
2744
3586
4517
7123
1865
2528
3675
6491
3776
4249
4850
9337
2549
2550
3575
5537
2035
3598
3791
5709
1889
2692
8179
1681
2370
3491
2043
3220
3679
3791
1719
5500
2029
2548
3227
2138
3265
5938
9113
4358
1593
2519
2597
4849
3781
5053
7349
3003
3635
6193
7159
1594
1678
7227
8834
9460
2074
2371
2535
1984
6625
1627
1697
8714
1915
5571
8208
3842
4906
8209
8594
2596
3792
4090
2535
4093
6083
2943
5226
8639
8825
1849
3100
5923
7527
9215
9221
2432
3003
3704
5673
2339
4221
4705
6943
2231
5947
8703
5040
4034
4926
4378
5934
7220
1764
2083
7871
3607
7989
7991
1669
6719
6726
8401
1635
1948
4588
3332
3337
6730
2572
3319
6701
2606
6094
6113
7797
8186
8749
2500
5107
7378
1697
1701
5929
9475
1948
4864
8122
8352
1763
2576
8594
8595
2659
2830
3061
6841
1868
7070
7320
1901
8362
8366
1629
2591
4707
4991
2325
9099
4116
6531
6740
8912
1713
2325
7602
9483
3516
3838
9189
2645
3343
7816
8592
3682
3683
3690
8929
3853
4855
7988
9162
1716
4339
5094
2044
3669
7295
6652
3369
4990
7645
3721
6694
6697
8465
9041
4331
6149
6708
4048
7265
7295
3670
6541
7030
1978
2400
2503
5065
1712
9260
9306
3563
6325
7422
8883
4936
8466
2386
2457
6525
3873
5455
6093
1964
3332
3337
4368
5528
5989
7201
4668
8447
8733
2955
3174
7513
8021
3920
5044
6888
1757
5553
6091
7096
6255
6884
8575
3873
6696
5526
6751
1662
1668
1933
1814
2895
5943
1667
3652
6602
2604
1994
3971
4877
2136
2250
7721
9397
4400
5298
9466
1668
2871
6836
7510
3931
5955
9358
1698
6277
6702
7914
2395
4349
7202
9459
3358
7521
7531
8804
3301
7529
7954
7974
2876
4814
8346
2958
6128
6633
2769
4892
5090
1717
6675
7786
8335
5995
6952
8861
2973
7397
3635
3704
7963
2464
3406
2607
6874
8677
5046
5477
6865
8806
2644
4995
6538
2394
5575
6171
4743
1690
1692
6518
3674
3770
9046
3428
9359
4095
5953
8869
1993
8167
1695
2904
3137
4577
1717
8012
1845
4210
6972
6606
9107
3115
6078
6200
8775
8835
2090
3485
3512
3647
6985
1980
7855
8313
8593
3078
4817
8506
8163
8410
8922
1973
2766
2090
2092
4949
3389
5518
9271
9462
3893
6473
9313
3933
4001
4068
6954
2065
7841
9316
8609
2493
5083
1752
2579
5464
3117
4839
8347
8544
4577
5408
2445
5547
7732
8132
5046
5600
7372
4274
5602
8339
2536
7257
7629
9128
3090
4321
6903
7064
7495
8734
2266
2699
1837
8529
9221
4936
7071
8484
8685
3411
3765
5080
8519
8844
1894
3029
2661
5870
5877
9038
4354
6658
6692
7308
4100
6016
8827
2960
9458
4964
9380
3239
8122
8352
8461
2248
4677
4924
5829
5659
5920
8331
2834
2996
5472
6424
2108
4915
5760
7441
9418
8946
2643
2915
5794
2299
5431
6004
7255
4010
4373
8845
2632
2749
3865
7489
1869
4031
5972
7735
2504
6786
6790
2377
5454
5759
3174
5033
2042
9157
9359
4901
8953
6124
7004
7903
1777
2915
3626
7205
1899
2845
4796
4973
5486
2169
5946
6756
7870
9027
3839
4907
7358
7925
2829
3492
8943
1977
3881
5439
9239
2742
7628
8329
4968
4972
1982
8197
7508
8343
3614
5814
7877
4216
4461
6662
1795
3202
4903
4718
7172
8878
4585
4829
9166
1858
6371
3997
9301
9305
3094
6239
7676
4874
8498
8914
1800
8560
9012
9295
5759
7708
3204
4291
6599
7462
2975
3831
8031
9084
6748
8267
5793
6579
1821
3919
3924
2343
3133
7806
1972
2480
8356
8358
2294
4647
4656
6319
7553
8645
6138
6755
7318
3275
6138
6742
3241
5638
2628
4511
4288
4559
8695
5929
9098
9115
5362
2902
5137
6002
8550
2201
6211
6241
1879
3650
3871
7713
5612
5964
7788
7179
8967
7248
1940
4900
5799
3951
7722
8772
3695
5973
6330
9481
2111
4903
4150
7591
8719
8744
3116
4014
8126
8130
3189
6791
8478
9461
6224
6991
8652
3054
4064
6786
2110
3857
7993
4115
5679
7102
8785
2966
3953
8214
2948
4419
4930
2524
3377
7061
6588
7285
8632
2895
6606
8487
2197
5674
9265
1905
4101
7379
8913
2725
2964
5281
6216
5017
6200
6832
8502
7071
8671
3161
3267
5127
8798
2560
3517
4623
8794
3195
8118
3609
3664
8306
4981
6286
6384
2096
2197
6318
7831
2624
2653
3301
5567
4858
5148
7368
3602
6677
2140
3265
4160
4423
2838
4859
5133
8225
3030
8888
2457
8518
8669
4951
9155
4951
5279
6615
8999
9208
2549
2550
5269
6921
1908
5384
2852
3971
2708
3613
9382
3456
8216
8299
3923
6748
4229
6080
7386
7840
2478
8978
2811
2845
8467
6080
6475
7386
8407
5430
5652
6797
8761
3712
7517
8680
1955
6825
9448
2036
3404
3961
5904
6315
8101
2201
3498
6211
3215
3392
3393
5124
8817
8979
1866
4153
8666
3530
8498
3263
5681
6377
3349
6089
6117
9440
3989
5631
1899
5035
7083
3549
4111
5282
2025
2037
4732
6907
3069
6869
3688
4393
5847
7193
7067
7213
2641
6342
6595
4954
5777
6918
7000
9126
9284
7746
9076
3949
4451
6108
8387
4143
5459
9121
2790
2986
4997
8575
9487
7532
7651
3532
4988
5819
7508
4819
8650
2892
2916
5065
6361
1885
6949
9106
2176
2539
4473
4710
8270
5035
6741
7169
9449
2485
6962
8980
4578
5117
7254
2641
6595
1903
3587
6538
3423
4464
5699
1893
5525
6739
7892
8447
8686
3406
3879
5910
8615
9378
9385
5112
6949
7697
9449
1898
2580
4158
2773
3088
4234
2916
6359
9089
2664
7989
9348
9356
2418
3677
6557
4657
5106
5392
8145
2644
3641
8179
3437
5306
5374
8815
1906
8495
2664
7379
5315
7379
7924
7954
5340
8815
2860
3436
3483
7214
3557
4809
2727
5910
7159
2358
8278
3624
6675
7769
2315
2576
3953
5387
2222
5272
5855
2321
3820
6891
4885
6101
8430
2191
4946
7425
8788
2007
7059
8548
8591
2004
4813
5774
1923
4638
8849
4749
4762
8615
4547
4680
1926
2121
4634
8631
7452
8050
9383
2119
6023
2608
2861
3714
7815
3096
3940
6634
2982
5176
6964
8137
1935
2635
6466
2396
3592
6047
2805
2927
4916
2861
6517
1936
2335
6007
8181
3129
4159
6012
6925
8436
3199
9094
3277
4527
9275
9301
3199
5399
7733
4419
4880
5437
2477
3271
5957
7244
2786
5608
9097
3593
5638
7528
3532
5999
7815
8120
2663
3548
1988
3689
8016
4882
6419
5884
6824
8076
8381
4942
6417
7134
8852
8595
9176
6183
6161
9105
4154
5563
8248
1962
4358
2545
6783
8536
4129
6221
7385
9469
2329
3873
6696
7752
2889
9096
3610
4668
7455
9274
2030
3518
4099
8522
3796
4790
4276
4982
9033
3362
4431
6679
6147
7338
9458
4374
4981
6384
3173
6568
7865
3110
3742
9194
4253
8703
6282
6763
6869
7437
5566
8172
9041
2363
5797
7710
8010
3714
5927
9017
6482
8535
3317
3321
4628
2148
4952
5327
6297
7551
3979
7862
4332
6522
7901
8474
9026
6461
4505
8482
3424
9235
4096
9133
4303
7113
7128
2059
8953
2229
2238
3709
6130
9488
8930
1996
2003
3104
7550
8402
6207
9023
3904
5251
6306
3638
4740
8751
9347
3767
5064
8816
4970
6569
8214
2476
2553
3848
8549
2283
3971
7425
7270
8175
3508
6440
3255
3262
7238
3966
5701
6260
2384
3504
3680
7626
2452
8706
8995
9481
2303
6503
8043
8549
6781
8452
8810
2536
2981
3988
6872
3793
7021
7805
7826
4167
9147
2879
5627
6173
6934
6744
8912
6772
3104
3107
7558
3576
7390
3748
3759
5149
8418
3053
8462
2454
5493
4790
8748
4163
8453
9417
5401
7902
8279
2499
7311
7434
2977
4037
4120
4788
2656
3127
6897
6912
7872
7876
6656
8766
2679
4934
6593
8838
6778
7343
7433
2750
3299
7298
8009
3676
6491
2083
2353
2715
6447
6836
8523
6563
9242
9430
2950
2974
3503
4120
3572
3585
8504
3428
5951
7606
2543
3227
6783
4048
6652
2048
2070
6855
9167
4699
2103
2765
4283
7114
3694
4422
4773
2126
4190
5635
4420
8545
4364
3072
4852
8481
9423
3975
4083
5750
2082
4650
9212
9314
4198
5051
7886
2914
4864
7791
4008
8730
9368
6119
4771
4961
7848
2439
2456
8785
5787
6256
3915
8843
9313
2091
2177
4754
2195
8371
3673
6508
8107
3050
3364
4229
6520
9073
7143
8110
8624
3949
5763
6386
8391
3578
8672
2075
4065
4093
4092
6693
9419
2979
5987
2962
7347
2600
4161
8167
5612
8646
8720
5675
6670
8903
8920
3787
7281
8422
4823
5326
6303
2160
4332
4969
7101
2087
2093
7585
2092
3640
6609
7842
2089
2090
4238
5596
6033
7025
2092
7786
8335
3888
2508
2940
9195
2570
3888
3213
8934
2629
4738
5446
8157
3602
8155
9265
2837
4640
5949
2787
3098
3880
6323
4039
7213
3071
3615
7424
2154
5663
7447
8188
2733
5226
7263
4266
6929
3722
6541
9037
3304
4985
7116
5515
7582
8485
9462
5923
6419
7396
7517
2113
3621
2778
4182
4619
3858
6229
8221
5136
6293
7180
3875
5216
8302
9443
4421
5437
9135
4957
6598
3814
8220
8792
7135
7148
7844
8786
2118
4533
5285
2119
4542
8334
2121
8235
5507
5635
7490
8122
2833
8334
2840
3217
4853
5998
3217
4838
6533
4030
6166
8484
8965
3221
5695
6579
9491
2917
7793
3584
5255
3847
6761
9090
3535
5029
6913
2276
4474
2133
2203
3470
6340
6676
8933
2450
4433
4896
5543
7903
2298
2314
2509
4492
7784
2444
3729
8995
9481
3608
5954
2605
7764
2141
3041
6672
6477
6666
6055
3229
5490
6714
7109
2961
4143
6168
2215
4728
8222
3586
5860
3381
4744
6642
5755
7171
3699
7590
7600
4391
4890
5531
5536
6529
7273
8599
5397
7976
8093
2875
3319
3575
8821
3583
6239
2968
4131
7868
3267
3901
3309
8689
4395
7992
8094
9415
8968
9049
3959
3203
4370
4572
6303
4426
6627
6639
7634
2164
7889
3464
3946
9268
4024
4112
5620
4827
3327
5244
7161
9222
2803
4117
7481
7888
3128
4540
4269
4691
4696
3112
5037
5041
5531
5459
7970
8905
2180
3272
4532
4575
9195
2183
3183
7776
2269
3314
8983
2184
4473
8159
2230
4286
5775
2183
5552
6681
9034
2184
9034
4690
5807
6996
3991
4554
6970
4185
4186
6071
6938
2893
9062
2202
2236
3460
8326
8777
4558
4813
6457
2902
6038
8642
9315
3603
4359
5136
7095
2200
3960
7803
2903
7123
5494
6267
8725
3991
6488
2202
5609
6697
3043
7671
8718
6274
8893
3470
8150
8893
2206
5230
5675
6670
2207
2210
3732
5230
5744
3790
5157
5861
7112
4432
6489
8702
3719
6031
2710
3048
4186
6941
4375
4754
5298
7948
2255
2312
4897
6031
7199
5682
9121
9228
6428
7206
7269
2224
5041
8313
8974
5317
3885
3896
3898
7919
2771
4330
4520
3574
7747
8004
5776
6813
8825
6430
8765
7121
7223
2308
3452
4753
5776
6360
8025
9004
9261
5518
7110
3197
4118
2277
2921
5175
3122
9463
3415
3418
7785
8468
3124
5622
7083
6387
7894
8025
2346
2846
6697
2361
5886
6596
6103
8055
4534
5352
5907
6059
2816
8017
3185
4312
2805
3541
8723
8840
3946
3948
4431
6898
5520
7865
7950
7964
3333
5404
7003
6899
4774
7597
8035
4923
7445
7883
9389
4772
5329
4231
4885
7237
8724
8841
9416
2751
3495
3684
8943
9392
4073
7722
8398
8952
3308
5707
2264
5385
7820
3311
3937
2264
9396
3632
5246
8247
6734
6737
7092
6605
8489
8501
3450
5626
8682
7337
7586
8262
9237
2320
3044
8641
3238
5343
3389
6984
7947
9111
3301
5903
7935
8009
7990
3934
9088
9164
3760
6290
2285
2364
6780
9293
5806
9080
2364
8684
3661
8916
8955
3539
5265
5804
7361
2365
3557
4804
8266
3519
5019
7040
5300
7080
7607
2288
3982
4211
4222
2825
4804
9276
2291
2500
2930
3737
3745
5221
7323
2292
7035
8750
6792
8507
3399
3425
4841
5551
2691
3592
3346
7852
2398
5442
5607
6126
4155
4739
5225
5914
6430
6813
2304
2305
6165
6537
8951
3866
4270
7439
6618
6621
8332
6811
8382
8558
2463
5431
6800
7389
7403
8394
2896
5341
8288
2332
3692
7503
7851
2447
6143
7573
3259
7934
7939
3567
6385
9351
2401
3211
9387
2816
4741
9390
5915
7725
2461
2466
6306
7005
7043
7673
5838
6593
8238
8838
2709
3510
4007
6977
4329
7716
4317
7916
2440
4317
8397
4633
5490
7131
3285
3482
7984
3828
6891
2340
3491
3642
7125
4285
6167
6980
7580
4963
5897
6814
2944
3988
7949
2477
3692
8254
8314
2441
4925
5063
6324
6496
8874
9167
9392
2338
5651
5812
6116
6478
7881
3081
6479
7654
7930
4063
2341
7137
7987
6666
8709
2368
2370
6555
2344
3582
9007
7084
8077
9078
5211
5813
3916
5179
8716
2987
6690
4469
4690
9228
3582
5224
6229
6830
2382
5703
8725
9203
3618
3623
5524
6480
3404
8094
2530
3053
3305
7049
7055
2706
3313
3517
8577
5587
8342
4355
4362
7892
4355
6746
4643
5113
8078
2362
4530
7945
3420
6590
2949
3157
8342
2377
5377
7487
3318
3783
3372
5408
6573
2388
2468
8806
2607
6930
7431
2389
2372
6088
2380
4065
2711
5752
6977
9249
4823
7596
9262
7777
7778
9352
2564
4700
7438
6223
3505
5480
3860
5452
5891
2457
6088
6525
4449
8503
8640
2423
4298
4862
2564
4702
6117
7458
4734
5493
3330
5687
8235
2937
6534
8417
3945
5814
8233
2389
5667
7514
6381
3059
8003
8191
3559
6013
6521
7422
4128
5678
5141
5249
5334
6281
4094
4798
7457
5955
9358
2691
7033
7465
3179
8688
5593
6646
3792
7415
8535
2506
4324
5435
3781
6417
6901
4759
8489
8679
4055
6722
2546
3085
6951
7373
4830
5667
7444
3210
3416
4060
2470
6566
6037
6350
2604
7208
8364
2656
6032
6536
7642
3683
7216
8929
4133
6781
7516
7243
7978
8489
4977
4978
2468
4122
6555
2974
2985
6090
7962
6745
8823
3570
4977
3118
8231
9353
2604
6045
8364
4851
8981
3601
5703
4377
2634
5062
2505
6431
8509
2940
4871
3279
3486
5664
7210
7571
8807
4940
8378
3633
5599
5636
6897
3000
3444
8127
8143
5420
9431
8268
2554
3005
3933
2853
5509
5591
3165
5648
7631
7856
2471
2523
6891
4962
3804
5499
7442
7727
5386
6431
6545
7419
5499
8403
6352
7891
7895
2625
3452
3820
8747
3944
8397
5129
6181
6368
2801
3955
4907
8209
3462
4348
4979
3442
3847
6779
7940
6353
7895
3783
4161
5064
6282
5156
6569
9321
5676
7075
6354
7687
8286
8420
3996
5157
5866
7771
7827
2525
3953
2625
3820
5223
6428
3666
3711
4884
2470
3879
3645
3711
5463
4902
3044
6625
7293
6375
6865
4388
4756
4839
3843
2873
6677
2528
5066
6869
7262
4857
5352
9312
6445
9302
3360
6952
7524
8961
7503
7751
3754
6607
7779
3879
8908
7392
2945
3765
5080
2490
4953
8238
6971
7201
9174
5111
7330
8346
8424
3740
8981
4346
6214
3030
4309
5578
6215
3017
4175
4338
7477
3295
3307
6955
3139
6218
8910
2950
7342
7538
4869
5510
8134
2494
4991
3731
7423
8401
5527
7934
8013
6101
8926
8957
2502
2516
5278
9312
4723
7091
7382
6292
7027
8246
6112
7194
8791
2506
3792
9450
2512
2622
6545
2686
4568
6411
8360
2712
7864
7266
9001
2721
9114
9406
5148
6908
7383
2625
6806
3211
4490
6653
3232
4066
6322
7933
8125
8227
5196
5496
7691
4739
6176
9339
3608
5382
5329
6045
2616
3529
5511
5550
6146
7266
7406
2874
3579
7958
6805
8397
2941
3380
8726
2638
4087
4583
6070
2572
5129
6732
2554
5148
2554
3207
3070
8891
2547
2551
6266
3591
4256
4982
6404
5466
6472
7474
5091
7428
8201
8205
3751
3913
5066
7643
5042
5069
5095
3133
3863
7241
7420
7839
4986
6189
7567
3755
4124
3633
3791
5096
6163
4472
6557
7023
4053
5004
6032
2552
7686
3105
3235
6536
6902
8080
2659
2552
6265
5320
5347
3877
6963
7368
2564
2627
5373
7183
9015
4074
5710
5449
8658
4622
6845
3587
4256
6538
3401
5341
6190
3469
4264
5711
6089
2603
4337
6464
2571
5337
5714
3771
5089
8836
2595
2649
3915
4223
5479
5639
7173
9500
2584
6879
5917
7737
2594
6586
6384
6434
9247
4902
5539
6558
3499
9016
6192
3955
5484
7326
7436
5519
5971
9119
5337
5713
6467
3350
3468
4914
4924
6932
8871
3977
5715
8176
9268
3344
4089
4113
8063
5624
7457
4706
2755
6798
8539
5559
7955
8547
2634
7846
7415
2611
8074
4789
7435
3874
8059
5067
7468
3348
9320
2740
4351
7076
4996
6751
4199
6084
9419
6862
7517
9035
2721
7502
2946
5010
8954
3930
2870
6565
7665
8524
8024
8564
7848
2617
9005
3926
7352
4171
2620
8564
5283
6238
7505
5170
2653
3635
5898
2625
3657
7269
6214
6490
8418
3299
5898
7568
2880
3214
8620
2636
6877
2674
5860
7463
8028
6175
9199
3762
6682
5782
2674
4293
4321
9188
3881
4424
9015
3361
4147
6142
2967
3661
3674
6155
9123
6774
7398
7533
3641
7460
4583
8687
9411
2783
5925
7460
5227
5995
8885
2663
7547
7488
8179
2670
3286
6581
9039
2655
4381
9256
2738
5897
6957
8229
2844
3147
9160
3747
5903
7049
3678
3121
2673
3776
7151
3345
4298
7418
6919
3943
4368
9269
3437
4134
3717
3840
6353
7899
3336
5340
6946
2669
3869
3905
3643
4059
6257
3905
4050
5054
2669
3730
4050
4263
6591
2750
7381
8936
5021
4210
6177
6972
8389
4088
6720
7068
3536
3626
5768
8577
2682
4278
5067
3682
5140
7221
3771
5021
5078
3031
7182
8653
3331
8771
3055
6798
8389
2683
4850
7448
2686
3776
5188
6104
8652
4807
2688
2697
2701
8796
2703
4805
4730
6950
6739
7612
8732
3511
7548
2699
5820
6605
8433
6637
4013
4019
8408
6290
6388
4808
5449
6046
8977
7071
6992
7853
9277
2703
6838
7938
5794
8796
3259
3269
4580
5527
3032
6086
3865
5782
6839
3477
6496
2722
4564
2732
4168
5752
3049
6938
4006
4541
5780
4754
4768
2716
6071
4318
9009
4024
6927
8937
4185
3940
5406
4225
5381
2720
9218
5344
8991
2725
3297
4347
3703
3782
8400
5847
8493
4042
5693
6456
7388
8590
3934
2975
6255
9487
4512
5379
9276
4673
6695
9281
9447
4973
6540
7925
9480
2738
3182
8229
3046
8611
3157
3867
7941
2736
3852
5905
4951
7116
7307
9454
8223
2961
3513
4162
6171
6464
3505
8280
3628
7556
8614
4350
4969
7635
4681
7831
8496
4345
7076
5390
5701
9197
2873
3073
4360
2798
4601
7849
7541
8610
7296
9354
4162
2877
4631
5831
2920
7822
8787
9257
2854
5582
9340
5111
8346
2769
7968
5320
8776
3180
7904
7981
7153
3807
8221
3194
5962
9364
9366
2775
4383
5831
7093
3086
6329
7099
5278
5573
8791
5714
9049
2910
8444
5887
8204
4897
5317
5689
4086
7177
7292
2818
4105
3473
8619
3208
4446
8720
4248
6835
7354
7356
5889
7356
7847
3367
3568
3305
3486
6236
8977
3588
4479
4681
9183
2819
5613
8441
4486
9186
2819
4012
5613
2800
5694
8952
5138
5962
4446
8100
3354
4450
4603
6423
2791
5170
5619
4516
5024
7355
5155
7509
3082
5622
7083
9104
4597
8794
8802
3022
3476
7920
5155
9085
3970
7402
7599
2801
3842
8209
3702
9258
3735
4084
6244
3273
3274
7106
4012
4697
2809
7370
2924
4152
4306
3277
4523
4851
6359
9405
5019
6663
2810
5528
5564
7193
4708
5429
5933
9213
6769
9446
4108
5051
6591
3571
7168
8079
2816
8017
3014
6061
3092
6482
7562
2827
5975
7169
9453
3958
8500
2971
3088
6163
4015
5364
5591
7562
4766
6253
6917
4222
8266
3206
7082
7558
9456
5132
7390
3652
7917
9389
3325
6336
3350
5796
7482
6707
9060
2835
5473
5687
2835
3351
6925
5824
6724
8560
5563
6029
7069
3457
6826
3521
5302
9092
2969
5299
5302
9327
3871
9277
5378
4074
6102
4795
5691
3721
8309
3000
3003
8907
8908
5547
5961
7737
2883
4872
3514
6011
6753
2852
3971
4222
2859
3370
4240
5584
6711
3672
6976
5788
7187
4703
9009
3248
5977
8506
4404
5364
7575
7724
4424
2884
3060
5292
5336
6698
4219
6280
4448
4610
9212
4630
5603
8790
9310
5715
6826
7181
4230
4579
4287
9050
9070
6084
9410
6726
8462
3236
3353
4359
6318
3584
4417
3675
6486
8080
5874
5383
5293
5319
5271
5375
5511
7079
7698
4167
6019
8878
5244
6283
9209
2884
4611
3023
5915
7920
5237
2888
9168
4018
4590
6736
5458
8034
4474
5235
6288
2923
5075
6507
6689
3393
4313
7875
9107
2922
3401
3838
5222
8956
5373
5796
4914
6724
2939
5370
6923
7102
2996
4680
5472
6001
3603
6318
7620
8280
5697
7510
2909
6534
9002
9138
9163
5465
6872
8814
9143
3198
6239
3894
4756
3994
4069
8758
8763
2915
7205
9186
3868
4805
8655
5141
6582
2923
6482
6335
6585
4437
4441
7530
7115
7410
7693
3419
7836
4663
9011
3788
9045
3092
3020
4302
8538
2935
9220
2956
6493
7623
8994
2929
4527
4238
5645
6006
2993
3544
5944
6421
4259
5267
7728
8993
2935
6421
2979
3957
4787
6360
8071
6304
3389
7866
9015
9154
3435
6433
7130
4828
8782
8826
3060
3130
3894
4748
4829
9375
3258
3453
8839
6872
6936
7752
3359
5978
7962
3687
7898
8995
4854
5398
6251
4915
9303
5696
8795
9100
3501
7113
3516
4854
7797
4392
5681
5814
8180
3100
5015
8567
9189
5024
7363
7738
3530
5001
8416
8992
4606
6728
7795
8797
3903
6125
7029
4838
6879
9371
3078
6559
7364
8222
9121
4061
6595
4662
6216
8514
9429
3017
6842
7451
8118
3998
5484
9325
6070
8958
5321
5426
2972
7275
7365
4061
5034
8345
4721
7521
4788
7111
5414
5718
6966
8318
3374
3578
7084
3965
2992
3030
4337
6308
5569
8660
8814
7749
8136
2989
3124
4796
2989
3124
5045
5086
5080
8739
3015
8243
3546
6411
3560
8033
5691
3794
4107
8624
3931
5514
3007
4338
3291
5403
8119
2998
3931
4584
4835
7261
8112
4638
4369
5139
8575
3635
3779
5514
4803
5088
5168
6758
4183
5552
7650
7776
3728
9227
5908
3798
7762
8036
8144
3006
5617
6193
3467
4333
6934
3617
8002
4815
7607
4062
4735
5730
8649
4943
4952
7121
4269
4691
7817
6033
6785
5942
5950
6050
8248
3518
6521
4538
5164
7217
3026
3890
7622
3031
5729
6367
4898
5907
6295
8371
5076
8340
5914
8340
9018
4576
5949
7284
4155
9083
9091
3947
8226
4455
5788
9211
4364
8817
4712
4762
6349
4152
9196
3627
5214
4062
5753
7107
4408
6299
9463
3040
6324
6705
4090
7393
3038
5009
9482
3561
7695
8307
4761
6401
6883
5230
7910
6273
6314
6601
4382
4572
9373
8767
3062
7923
9476
4027
5418
6514
8923
3050
8925
3051
8925
8921
3102
4189
3061
3990
6336
8832
3207
3637
3189
7394
6682
7678
4620
8329
6141
6147
6224
3216
3322
8694
6989
3066
7285
7598
5515
5611
8704
7287
6904
8428
8429
3173
3528
4573
6980
3370
4869
5886
6486
6763
8912
8928
6035
7536
8305
6331
3577
6343
8365
3297
3613
6262
3079
7857
8584
7716
4845
9067
4203
4441
6866
7530
5004
8499
8892
5468
6460
3091
5623
6737
6897
9443
3425
3795
3092
3493
3864
3895
4780
9168
4667
6064
5242
6926
8616
3595
3141
5438
5941
9104
3744
3793
7805
7828
6270
7787
8100
4064
6304
8377
6237
7400
7190
7709
9425
3696
4177
8916
3581
3818
5212
7833
9298
9451
5004
6159
6951
6005
6659
7530
7547
9298
5421
8472
7409
7768
9434
4254
8308
5283
5533
8313
8633
4502
4812
6416
3115
7929
6123
8813
3897
5672
4517
8217
3170
6284
7302
3402
6061
6394
7547
7555
8895
3126
3127
5885
9204
6742
6755
6561
6564
7774
8584
8519
8812
8844
5102
8492
4538
5549
5896
6007
7923
3763
7816
8206
8867
5458
5461
9030
5268
7804
5303
5478
6659
7175
4250
7985
9149
9150
5027
8804
6348
8280
3940
4749
6634
8615
5928
7527
9017
3877
8043
8549
4476
6542
8799
7085
7335
7685
3147
3176
6102
6278
4131
4692
4971
7967
7167
8311
3714
3881
4424
7362
3206
5652
3817
3810
6423
6706
7897
4113
8626
3152
3153
6380
3155
5476
7198
3155
3384
5704
8281
4070
6834
8795
8020
9072
5605
6309
3739
4106
4236
5161
5415
5607
3176
6941
4476
5218
6796
7207
5718
6386
8263
3167
4214
9024
4685
5242
9331
3171
3757
6072
3859
5255
5704
8271
5704
7904
8281
8637
3247
8566
3176
4214
3298
4146
7773
4403
8075
9261
9266
3784
6471
3184
4443
9081
9082
3309
5460
7588
6552
8637
4950
6139
8106
3547
4168
4473
3527
8585
3471
7003
3629
3870
3280
4661
3190
3193
5904
6786
7324
3192
3856
5244
6232
9330
3193
5206
9044
4656
9159
5702
7975
4247
7484
9416
4125
7967
4742
4750
5663
6731
3201
8271
8637
8896
5654
5778
6657
8831
6314
7462
8831
5203
6601
5598
4214
7631
3758
5831
3880
6300
7461
8934
4992
6871
7139
6640
4738
5446
7461
8156
5356
5383
5761
7101
7507
9241
7708
4644
4422
4773
4884
8109
8479
6951
7643
4763
5798
6691
8589
3355
4192
6346
9257
8282
4718
4945
7774
5121
6298
6897
6951
5001
7623
3230
8589
6714
8456
8589
6343
6885
4414
4880
3578
4967
6765
8414
8975
5919
6988
7197
4763
5334
5507
4252
5891
6008
6823
4604
6086
3465
4844
5304
5396
5423
9103
3257
5239
3763
3841
5957
6904
8173
3630
6623
5981
8619
7942
8917
8942
6237
6240
7527
8910
8567
8956
9189
3650
6154
6439
3262
7574
8857
9061
6085
3840
7574
7205
8600
5158
7734
3435
3454
7065
8246
3268
6328
7937
7746
9072
6259
8591
3945
5434
7146
5945
6647
8456
5382
6477
4864
5635
7677
7791
6152
3270
5217
8013
3841
6952
8315
7821
8106
8166
7160
7485
7456
8691
4344
5088
3292
3923
3541
5664
6054
8194
8987
6132
8349
6843
7491
7559
8240
6519
7731
8428
8862
3657
7322
7731
8853
3593
3655
7528
4246
8048
8777
4226
4278
4850
3398
3923
8267
9053
9064
6049
9414
7903
4691
5041
8974
6513
7837
8846
3434
3437
5808
8388
3830
6235
3301
7966
4561
4724
8082
3825
6015
6785
4485
9051
6052
8196
5050
5397
5095
3775
3937
5899
8276
8690
8469
9272
9286
5768
9102
9334
5417
3408
7709
9427
3423
4551
9431
4819
7718
4418
3572
5614
4730
6137
6416
6950
6331
3593
5454
7918
9101
8615
9385
6874
8490
9020
4258
6264
8505
6321
8546
4445
4478
7695
8860
5794
5925
8198
8796
6427
7844
5746
9421
6738
8733
6124
4013
4996
7712
8162
5232
9298
6743
7718
9117
4298
8553
8557
5276
5649
3399
3425
9117
3938
5590
8596
6248
8317
9170
4102
4107
3778
5748
6230
4468
5373
6437
6899
7198
8849
9326
6277
7431
4237
5473
6987
4089
7189
5784
8432
6969
7897
5192
7981
6619
9484
5501
7533
7535
5548
7423
8763
7630
8315
9170
6145
8481
6898
5648
7840
7856
3757
5648
6476
3374
3671
7408
4236
6153
9252
3562
9165
3599
4686
7831
8207
4993
6719
6721
4442
8134
4015
4704
5364
6571
7583
5897
6957
7410
9494
5880
7772
4191
6642
6831
3379
6204
9479
4622
3380
4755
5866
6449
4191
4320
5629
8565
3385
3386
9241
4491
5351
4508
7507
6712
8137
4069
8748
9013
7940
9343
9345
5814
7264
4387
7025
3394
9241
7024
8146
5014
5800
6768
7880
3445
3447
7476
3532
7309
7996
7797
8186
4363
4829
6598
9166
3430
4286
5159
6134
8721
3531
4800
5781
3978
4369
5139
7878
8454
5404
7003
8527
7375
8193
5171
5314
9489
5700
8375
3570
9208
3439
4235
4709
5016
3704
4128
5673
4487
4599
5823
8667
8051
9388
6461
3706
4047
7176
7822
8437
4361
8860
3548
3973
9294
4123
5367
4549
3897
4515
6854
3772
6887
9374
6402
4584
4722
5775
9045
8641
8767
5042
8439
8738
4134
5881
4979
6761
7633
5197
7098
4594
8942
9291
3445
8970
5582
6851
4148
8704
4300
8450
9358
6549
6915
4241
6915
3509
4576
6650
8493
5014
6289
3467
4342
7876
6806
8397
6433
8639
6143
8839
6460
6469
8220
8791
9465
7181
4480
5392
3889
4436
9313
5256
8760
8766
5407
5733
3472
8170
5980
6263
6898
8176
8662
3619
4548
4341
6912
9366
6467
9086
6619
7094
7247
7251
8162
4744
5958
6796
9252
5946
8098
4450
6376
3488
4208
3514
7662
3844
5039
5068
6976
7336
8423
4196
5070
7922
3491
7705
4539
8322
6455
6592
8508
5368
8612
9329
5642
5747
7197
9497
5651
5812
7986
5911
7270
4899
6182
7521
3495
7917
5594
3499
7325
8382
5169
9167
5679
7103
7188
5114
6246
7827
9071
7788
9372
9021
3514
9185
3900
4303
8661
8616
8894
6036
6219
8661
3874
4161
9131
8605
3508
3512
6440
7580
3509
4299
6564
6575
4675
7465
6580
6606
3908
5432
8477
9277
4843
3520
8061
3553
7477
4713
6079
3522
8090
8096
5426
4598
8061
3526
4518
5641
4612
7039
7808
4457
6676
3567
8279
7010
9367
4826
5583
3553
4111
4932
7513
8269
9338
4664
4665
6120
6758
3831
4821
9487
3561
5318
3914
8604
9386
7104
9225
8520
5802
8684
7541
8600
9279
9213
4718
7610
7166
7741
8692
3968
4643
5105
7712
8309
7729
9147
5834
3550
4932
7707
3552
7700
4415
4821
5400
4932
7352
9496
6081
7451
3775
5707
9269
3559
6076
7909
6886
8768
7993
8221
4099
7933
6636
8444
3566
5953
4614
7701
8625
7845
9473
6325
6396
7742
5668
7063
8731
4051
7606
9157
6881
7814
7328
7331
5614
6516
5595
9075
6486
7683
8821
3688
5444
8212
5795
7632
5207
5211
8188
9177
5311
6325
7717
8525
4511
8464
3591
3598
5859
6229
7194
8147
3600
6270
8745
3597
7479
8244
9278
6059
6826
4688
3698
5266
5715
8298
3598
3751
5066
5966
8783
8826
4592
8027
9498
8457
3664
4458
3611
7463
7640
4381
9182
9248
3750
4409
4472
8704
5445
7931
4396
4444
4670
7778
8053
8230
4280
6704
5241
6379
6082
7522
4384
5314
5775
6321
4589
5723
5906
6890
9007
8563
3686
5276
6895
8065
7777
8053
4866
6234
6408
3914
5794
6236
7049
4632
4636
7703
7753
7776
7703
9353
5843
8771
9398
7158
8284
6808
9281
9448
5647
7703
8614
4741
4934
5116
7182
3893
4531
5728
5709
4033
7531
7974
6158
7613
7398
8809
4501
4884
6517
6602
7523
8208
9479
3995
7720
3663
4033
4038
8045
6448
8099
3657
6481
8629
5427
7291
7655
7668
4210
7646
7652
6924
8694
4000
5572
7591
9475
5388
8770
8772
5309
8104
8604
9278
3904
6306
9390
5085
8307
9264
4818
5579
7026
9264
5432
6992
5792
7627
8044
4695
6563
9110
3828
5223
6891
8160
8609
4032
7034
3912
4041
4806
7290
5517
5792
6896
7737
4031
5447
5963
5062
4977
7066
6003
6491
6873
7623
3693
7366
8449
3693
3724
3731
7396
8762
9391
4076
6474
7637
8526
4438
4548
3717
4081
7599
5778
6187
5440
3691
8378
3693
7374
6245
7278
4325
6855
8016
4926
8925
9058
3766
6422
7091
7401
5257
8216
8299
3878
7596
3706
4047
8730
9489
5673
5678
8693
9454
7159
8451
7229
3907
4465
8563
8648
5193
4621
4826
5583
4019
6894
4331
6432
8576
3999
8526
9133
9397
7399
7627
3851
6432
4000
7564
8746
9036
6963
4059
4954
5773
7886
7906
8787
9257
8178
8995
7125
3732
6369
6391
7605
4522
5118
8364
4831
8466
3731
8448
8058
9427
5837
8276
8284
5741
8211
5132
5834
4926
6191
6201
6257
6591
5083
6703
3737
7396
8109
8572
5388
5571
7565
3886
4919
8579
4910
7977
8512
8426
4919
7796
7649
6148
7672
7685
6506
9192
6003
6062
6701
8495
7394
9191
3766
8109
4947
9381
5567
6193
5953
6222
4037
4789
6778
5075
8536
3791
6808
7249
7685
7785
9290
6705
8874
9394
8935
3784
6488
9065
9066
9070
5925
5792
8044
9133
6753
7674
7678
5396
6892
7130
9008
9271
6716
7693
7323
8412
3969
5576
5951
5976
3981
7190
4095
6982
9022
6807
8076
3982
9276
3808
5043
3802
3843
4068
4720
6566
6821
8302
9299
7567
7579
3800
5043
6058
7516
4402
3928
9014
7944
8545
4079
4261
4327
8073
4262
6523
8994
5007
6873
6275
8283
7760
9409
5272
6529
8340
6237
4491
4064
3992
6778
3824
4206
4261
8141
9412
4201
4327
8075
8717
3808
5483
7444
4934
4088
5562
6519
7304
8206
6330
9481
7655
7779
8981
4301
4304
4934
6370
8199
5479
7168
7555
7896
8057
5343
5770
9409
4841
5551
6251
8377
3815
6357
4595
5495
9413
4411
5121
5334
4228
6704
4459
7632
3832
4515
8496
9183
5570
3822
3823
5205
3824
3826
6387
3826
5987
5853
8025
5210
5554
9266
3965
6357
3886
6207
7724
6149
6237
9059
5035
6741
8587
7252
8004
5204
8634
3850
4240
5319
6265
3835
3855
7552
7619
6522
6527
6547
4594
7984
8941
4020
6528
6747
7327
8178
5995
7816
6452
7616
3879
4001
6502
6526
6532
6226
6228
8882
9065
4893
9486
6503
5197
5318
4893
5582
3877
7527
8576
5839
3857
5757
7957
5205
5853
7334
4783
6443
6315
6334
4438
5706
6115
8601
7176
7537
6823
7657
4904
5262
8409
4904
8402
8731
4532
5055
5669
5674
8577
8610
4050
4056
5144
6128
8694
3872
8948
8996
3891
7753
8081
4263
6203
8598
5240
9445
4052
6690
9130
9017
6188
5356
8745
3882
7122
6898
8147
4384
9045
3887
6965
5125
3898
3952
4169
9316
3948
6827
8696
7692
6846
7589
6664
9342
3909
3935
5201
4292
3954
8969
4072
4077
4758
9016
7342
5127
6154
6288
8051
5457
8996
4282
4399
7152
4421
4984
4215
6243
3911
3963
6046
6333
7792
3935
5754
7398
7440
8850
4374
5644
5974
7708
6040
8085
5754
6108
8673
5983
8458
9076
3925
5097
8172
5072
8880
5193
6624
4714
5044
8671
5271
6911
3930
7615
5514
7159
9384
5073
5898
7571
7963
7158
8247
4151
4272
5763
8933
4104
5678
8121
4556
8716
3941
4911
9020
8074
5580
7279
5190
6468
6876
7604
5474
7563
3952
3954
7921
4659
7820
8469
4317
5160
7740
6827
3948
5084
9310
6683
4635
6106
7746
9076
4774
7279
4035
5538
5484
3963
3962
4387
8116
8265
6522
7280
4279
5238
6389
4310
4313
3998
6512
6750
8673
5842
7980
9219
8681
8455
4319
4559
6794
5944
8724
8473
5153
8197
5265
8030
9288
5576
6887
9080
4198
6510
5882
8176
5882
7181
4205
4887
8455
4002
8803
5393
7747
8005
8031
4319
6463
8500
4372
4810
5692
7811
4998
5000
6755
9418
6093
6933
5956
6336
6344
5002
5956
7244
6487
7118
4790
5260
7203
8909
9074
5970
6436
8748
4524
5921
4029
6562
9321
4255
5346
9229
6569
9323
7917
5929
7565
5525
7326
6075
7059
7358
9480
4119
4870
8085
5247
7427
5752
8223
6997
7595
8229
7942
8789
4035
4079
9161
8930
4452
5492
8540
4015
4126
4442
5672
4510
4591
8826
9267
6263
6446
5625
6664
6041
4021
4022
4029
6512
6750
4026
6528
8460
6645
7050
8474
9026
4046
4848
6640
9180
4029
7273
7464
4054
7263
4043
4939
8938
8676
8679
5709
5579
6382
6916
5102
8492
6161
4786
5541
4401
5259
5734
7343
7435
6169
7023
8913
5151
8807
4112
4179
5467
4111
7451
6094
6927
6280
9063
9066
4302
4306
9341
8937
4136
4144
7271
4735
4953
5745
8043
7838
8438
4794
8210
6762
8499
8811
6073
6450
6294
7060
4995
4975
8651
7070
7301
8161
5857
4274
6871
7174
4073
5590
4841
6693
6479
7431
7914
4220
5345
8896
8900
7230
6979
8017
5745
7715
5581
9160
4313
5241
7874
7875
6504
7860
5125
8579
4080
4092
4093
5580
5153
6065
4220
8285
8455
9349
6708
4425
6146
6430
8825
4330
4959
6057
8687
4090
7330
4590
7204
8407
8511
8871
7387
5149
8517
4528
5250
6988
6933
7949
6521
6702
5027
7872
8813
7924
8975
8057
4109
4114
4125
4184
6910
9120
4113
4110
5063
4131
7970
8905
4204
4925
9368
7368
4570
4118
4475
4405
8809
7177
4389
4861
8092
4671
6651
6848
9116
9442
4772
4131
6041
7070
7301
6955
8087
8095
5617
4759
8491
9215
8061
8794
8945
6381
6766
7514
5889
6172
4671
6760
9477
4139
5295
7967
9501
4400
6760
7494
4144
4192
9344
4141
4352
5497
4558
4946
5443
7453
8788
4513
6205
5752
7593
9153
4574
6029
9118
4375
4666
7100
7424
7522
7594
9483
6351
9245
9408
5481
6184
6190
4187
6717
4526
6508
5832
6109
7378
7382
4574
6713
7284
9195
5116
6212
7126
8920
5382
5945
6647
5493
5087
4732
7665
8502
4886
9376
5104
7489
7541
4170
7032
8964
4168
9270
9153
4390
5538
5935
6382
8965
4224
8362
5899
7160
8691
4202
4620
4966
5361
6903
9214
6301
7457
5617
6194
6907
9417
6160
8923
8955
6811
8382
9021
7385
6403
7577
8249
4258
7082
9028
4202
9335
6954
8907
5525
8451
6101
8957
6857
9095
4879
5563
5195
6629
9159
6160
6939
5249
5507
8066
9343
4243
6205
5671
7122
7376
7466
7493
8982
4208
5068
5076
5657
7260
7366
5405
7696
9410
6704
6770
8587
4244
4614
4581
5198
5653
5051
5405
7893
4559
7878
8695
4327
5118
9261
5049
5540
5544
5705
4769
7135
7156
8105
6682
5707
6414
6413
4532
7254
8471
7082
4219
6011
6214
6208
7593
6175
6285
7829
8392
6137
6849
8627
6246
4243
9259
5535
7911
4877
5934
6757
5526
6751
4249
5876
4585
8105
8431
6770
8071
5648
6942
4251
6208
8830
9142
4233
4234
4396
4409
5658
6779
6784
4329
7484
5642
4241
7476
8400
4746
5293
6182
6293
7095
7822
9382
4630
5134
7841
8224
6983
8322
8607
4333
7202
7345
5874
7151
4461
5311
4461
5311
4441
6276
7653
5947
6714
7336
8358
4271
4917
9226
4270
4879
7069
7964
5457
6523
7439
8960
8962
8678
5457
5063
4268
4281
8089
4694
4944
4281
7307
4275
6745
6808
5346
7310
9079
4743
9033
4283
4676
7020
5532
7223
4982
6400
6404
8421
6268
8419
5462
6400
4396
7468
7412
5158
5236
9415
9382
4283
5711
7913
5337
5039
7059
8182
6294
7058
7061
4663
7824
5533
5371
7261
4569
5325
8863
5030
5085
9056
8503
6622
9183
5183
7459
8324
9046
9056
4296
4530
8198
9102
6392
6699
9190
6184
6823
7653
4670
5303
5116
6359
9405
5126
5736
8660
7655
4784
8404
8715
5959
5149
7851
7629
8598
9128
9134
4314
5869
6548
4316
7674
4639
5358
8581
6215
6053
7874
6097
7253
4744
5862
7634
4343
7998
5818
7141
7740
5047
6762
6763
9134
4842
5442
6654
7221
4346
6233
6543
8070
6829
9002
4678
7526
7871
4337
6173
7204
7206
8861
4724
8989
5578
6308
7422
4488
8122
8480
5041
8256
8388
4342
7202
8899
5315
5183
6903
5610
6758
7999
6835
7354
5035
4433
9140
6172
7549
8947
6173
6178
7350
4435
4354
4839
7063
7052
5748
7986
9299
5220
7052
7892
8686
8656
4360
7960
4689
6958
5694
4563
4957
7557
4513
5739
8683
4463
6053
9283
7184
7811
4382
4448
9212
6513
8674
4803
5093
9084
8421
8816
5416
5937
4573
6713
6722
7060
4413
6043
8369
9493
6713
9195
4621
4873
5419
9322
4383
4446
4385
8153
5365
6241
6968
8177
7907
4404
4704
6355
7515
7108
7177
5186
7877
7825
8666
4635
8387
8415
4645
5359
6793
7745
8073
5139
6253
6884
8727
9287
4534
6059
7250
7420
8257
8301
8134
4931
4878
5154
6804
7577
4434
4482
5492
5966
6281
9135
7230
8758
4931
4942
5764
7972
8004
6235
9052
5311
4894
8545
5760
6326
7944
7794
8563
5169
8044
5381
6669
8639
5932
6339
5584
6385
7723
7902
5880
6940
5839
6612
5084
5938
6274
6299
8792
8944
8967
6680
4529
9263
5757
6116
6188
7666
4963
6398
6814
7651
5886
8130
4945
7587
7610
7463
9169
4482
8155
4469
6096
8185
6599
8153
4927
5362
5722
8713
8933
4482
4454
6096
6966
8675
4545
4780
4482
8860
4469
4966
5361
7123
6585
5127
5143
4468
5104
6209
7710
6676
9442
7443
8664
9491
5184
6924
7054
5801
9003
6179
6361
7900
8038
7360
7483
4596
4958
4494
8207
5607
4481
8665
8782
6622
8142
5032
5798
4503
5936
5998
6960
7090
8927
9404
6929
7114
5588
6735
6838
7938
6333
7490
5307
8435
6332
8618
8110
4889
7721
4498
4501
6422
7403
7102
8826
4598
5592
6051
6095
6707
9379
4652
5392
4499
4500
7389
5107
7378
8154
4501
6459
8761
5640
4838
5793
9179
6060
6393
8359
7865
7950
4875
5681
4876
6409
4651
5811
6568
7578
7865
4679
6718
5594
5669
4804
7869
4519
7628
8329
5023
5028
4966
7064
6150
7656
4533
5290
5301
6100
4791
6667
6970
5098
6694
4916
7496
7721
7883
6484
9018
7399
8107
7879
5313
5641
6276
5696
6699
6609
8282
4801
4542
4898
5651
6515
9467
5660
5920
6234
8887
4540
7096
5487
5291
7628
4544
8740
7814
4555
4560
5895
8270
8740
5242
8849
5716
6258
9328
7607
5280
6771
7105
9244
5523
4827
4571
4765
5722
6965
8185
7274
7253
4567
4780
6660
5360
7990
9004
7534
6931
9380
4776
6793
4712
4580
4602
9190
9206
4570
4957
6931
4797
8070
7670
6837
8626
6931
9380
5789
7671
4574
6167
4576
7284
7948
6029
5645
6573
7016
7525
7810
5198
6208
6839
9102
6866
5478
8638
5085
7567
9375
6426
7557
8105
9166
5327
5677
9169
5094
5185
5801
5497
7625
8780
4867
9203
5613
6552
7691
9311
4770
4627
7056
8342
5384
6361
6688
7480
5516
7636
9454
5527
8341
5313
6426
8436
5214
7380
6129
6133
8127
8740
4608
6646
6699
4632
4636
5291
8013
8341
5568
6038
8156
5233
5446
8156
4621
8486
8973
4615
8282
8790
7847
4626
7453
8050
8498
8914
4873
5424
4626
5084
4625
7845
9335
7701
4623
4627
5782
6830
8147
9401
5662
6679
6186
6247
6442
4633
6715
6948
5717
7539
7093
8620
7628
5785
5473
8630
8391
5366
7121
8258
6925
6935
7251
5416
5563
5221
5391
5343
8415
9223
7429
5829
6578
5355
7803
5480
8638
7482
5355
7918
7282
7289
8589
9477
6712
4657
4730
6409
5935
8969
5025
8091
9254
4778
7614
8039
8688
8644
4865
6767
5385
8039
8296
5804
7495
9374
6133
8687
9242
9406
6657
8784
5168
8062
7999
8041
5416
6649
5100
6397
8398
6432
7524
9488
7418
9216
5560
7755
6001
7553
6057
6070
6827
8298
5762
4737
5663
5790
6583
9364
4725
4727
7881
4828
5888
7036
4686
8217
4892
5844
8222
8227
6998
8531
5720
9054
9148
9320
4697
4695
4702
6122
5647
8003
4828
8571
8973
7868
7868
8129
4905
4700
8256
5613
7694
8617
8991
4702
5825
7762
5031
4886
5521
4839
5535
5850
8056
6974
7226
8124
5850
6495
6669
4716
7804
5073
7234
8410
7007
4725
4728
8019
8433
5009
5167
6628
6784
7906
5105
5119
8165
8395
4938
7953
8376
5697
6447
6189
7308
7426
7248
5749
6478
6199
8294
9155
4728
5087
6079
4777
4784
8713
4876
4891
7206
8508
4993
8834
6792
7035
9390
6873
5724
8650
9450
4985
9230
6302
5821
8154
7117
5308
8242
7633
5138
5608
8607
4785
6626
8444
5209
8002
4753
5572
7062
7057
8474
8476
5571
8747
9466
9309
9321
9377
5943
5992
9098
5730
6589
8649
9021
7002
7480
7730
5032
5121
4785
5450
8431
8628
9165
6250
8111
9141
6758
7258
9250
8248
9477
5068
5911
6502
6633
6699
7943
5504
7554
5331
8597
7782
7784
7534
6771
8404
7225
7916
5708
6738
7317
8732
5093
6287
9420
9375
8128
8713
5988
7410
6436
7365
6369
7603
7017
7278
7840
7858
5873
6358
5686
6399
7880
5941
7083
6017
6301
6464
7505
5883
6174
8539
7879
7885
5174
6139
7331
6463
6794
7474
5099
9250
5707
7129
9202
5420
6418
5094
6333
7878
9250
7441
7915
5557
8143
5670
5417
8193
4832
8177
8877
9236
7364
5046
5102
5599
6439
5621
8083
9236
5826
5656
6347
9219
6273
9314
5797
7140
8654
8658
5277
5603
5717
9470
7582
8485
5867
7118
9399
4933
4978
5483
7066
5820
8438
8020
8083
4835
4835
8727
5555
7798
6412
8174
5998
7681
8283
7394
6126
6638
6640
8749
9189
7056
8008
7395
5147
9186
6638
6725
8163
9356
6956
7415
5555
6145
7714
4956
5695
6578
5551
5907
7097
4999
7472
5196
8294
5135
6908
7097
7987
4898
6295
4870
8020
4867
9216
6283
8002
8565
9209
8120
5836
7550
8740
8617
9330
8027
4880
4921
4930
7972
4881
4873
5419
6722
8611
5583
7309
6371
6558
6849
6406
4976
5231
4895
5505
6596
5431
5792
6511
7012
7403
4922
6794
5209
8840
6074
7782
7783
5517
6508
7968
8125
6231
6265
6180
7950
5932
5958
5734
4921
9308
8195
8595
6296
5595
5683
7292
6075
6553
8855
6553
6750
5570
6428
6539
8422
8440
5971
7621
6329
8168
9010
8996
5824
5829
5944
4918
7020
7042
4937
9052
6244
4929
7020
8647
8648
5799
7041
9078
5829
5833
7973
9364
7898
8442
8503
6764
9494
5799
6131
7042
7041
6740
5512
6598
5856
7067
7377
7037
7042
5523
7173
4989
8521
7227
7374
5650
7956
8757
5123
4944
5683
4952
5747
6561
5816
5471
6858
8562
5639
9360
6906
9432
8313
5758
8386
5051
7405
7955
8129
5138
5558
6706
5631
9429
8597
5450
5504
8950
7729
8229
5504
8443
8026
8940
6922
4994
7211
5387
5357
5992
7044
8846
8932
8195
8594
6535
6083
7428
8621
5246
8040
6375
6865
6644
4993
6719
8834
8421
5066
6723
6964
8136
5335
5793
8174
8330
9454
4987
7231
5894
6671
6084
6094
7665
6716
6721
5978
7226
6332
6637
6832
5048
7124
7164
7613
7301
5024
6551
5123
6434
5433
6920
6921
5655
5957
8623
8774
8775
6536
5014
5800
8841
9060
9347
5008
7299
5464
6201
5990
6289
6741
5565
5990
8841
7784
9397
5990
7526
5029
6913
5089
6565
5400
5826
5994
5020
5807
6663
9324
7349
5023
5060
7276
7355
6663
9174
5252
7170
6194
7518
7275
7363
5197
9411
6121
8461
7277
7314
7365
9338
5039
6759
8599
8854
9094
7236
7440
8372
8548
7339
6955
6781
6894
8685
5115
6787
8262
8006
8499
8892
7211
7292
7008
7402
6233
6464
7505
8524
8833
5457
7439
8033
6510
7886
8982
5101
7357
7525
5508
5787
8594
9176
6066
7305
8343
5074
5081
8218
8259
5120
8167
5384
6946
8189
8599
6581
5076
8460
6040
7473
5566
8171
7210
5077
6946
8532
6529
5081
6728
7934
7937
8013
5448
5884
7757
5115
5987
5115
8222
5092
8524
7366
7374
7133
5093
9420
7619
5449
8534
6166
8261
5168
7077
9027
5117
9224
8806
5567
7705
5305
5109
7850
5108
5836
8151
6422
5975
8145
8149
8395
6396
7503
7742
9336
6686
6959
6803
8483
8165
6225
6242
7832
5187
6252
8108
8697
6745
6752
8697
6740
7134
8390
8463
7203
6195
7466
9485
5605
5411
5972
6179
5982
6446
7016
7104
8259
6329
6415
5275
5348
7180
7988
8323
6583
8929
6271
6466
6532
8181
8590
5411
5985
5586
5589
6975
7017
7644
7780
9057
9065
9070
6735
9206
8900
6226
5176
7802
7208
9093
6196
7065
9111
5561
5996
5424
5583
5170
8297
5992
7464
6134
5237
6390
7146
5162
5604
9122
5218
5602
5607
5865
8136
8293
7016
8060
6099
9148
6339
6639
9482
7396
5865
6624
8173
7781
7883
8131
5199
6816
8585
5178
5189
6338
5314
7749
6820
7175
5187
7332
5201
6782
7024
8578
5183
5361
7013
5619
8097
6291
8348
5191
6374
5189
6227
7254
8141
5969
6377
5681
5969
8918
9257
9489
6376
6423
8110
5200
5206
5350
6005
7010
9500
9370
7919
5853
8025
8071
8851
9317
9183
9363
7416
6830
5251
6306
6792
7005
7006
5228
5332
7465
7792
5224
7726
5632
6236
5838
7667
7668
9200
6002
6654
7144
7446
9124
8103
8425
5234
7492
9421
9073
8755
8762
6455
5228
8202
5521
7214
5855
6603
7322
7860
5906
5744
7910
8689
5834
5568
8516
5243
5843
7015
5413
5810
7943
6389
7584
6134
8721
7051
6135
5825
5900
6413
7758
9272
5297
5366
5660
6284
6271
5264
5313
8652
9461
6119
7701
5342
9434
7958
5401
5665
5666
5259
5266
5264
5307
5503
5685
7433
5850
5933
5595
7185
7768
9129
5828
6414
8413
5466
6077
7621
7683
8286
5627
6813
7984
8048
8942
6759
7546
8764
7622
7841
8602
6469
8220
9311
7691
8323
8367
9162
5300
5624
6022
9066
5603
5952
8788
8944
8235
8829
6055
6840
8086
8616
9357
8088
8113
6840
6023
7852
8239
5584
6284
6408
6989
8060
9345
5930
5948
7556
8191
9335
5528
5742
8542
6953
5737
8570
5564
6014
6005
6575
7056
9438
7710
9279
5315
6988
7054
7504
6576
7559
8196
8662
9333
9438
5534
6000
7014
5475
7935
5324
5328
6668
6424
6266
5680
8542
6020
7670
9315
6297
9499
5330
6000
8542
5568
9315
5965
8644
9262
9499
5330
6948
5680
8935
5762
5790
7469
7775
7793
7973
6582
7794
5449
8347
5711
6000
6784
8069
9346
5384
8666
7697
7849
8337
8271
8866
9259
8998
9305
5750
6180
8289
9457
7310
7636
8998
5496
8110
6199
5491
6614
6635
5367
8472
7025
8084
5444
8212
6136
7918
8305
7712
7850
5712
8153
8640
6620
5699
6989
5960
7698
8047
7915
9144
7559
8090
8577
8604
7935
8009
9354
6178
6444
9279
6402
6365
5803
8001
6647
5831
7614
6481
7637
8214
7743
8747
6610
6978
5705
7402
7369
5725
8190
5444
6935
7248
7750
8867
5425
8256
6008
6202
6006
8584
5924
8015
8119
8946
5468
9104
5731
6348
6675
8336
6139
5412
8304
5586
6617
9432
6288
7077
9464
5601
5684
8798
6454
7370
6648
5630
8042
8132
8941
6068
6602
5643
6030
7764
6165
6800
8819
5513
5438
5435
5441
6377
7141
5436
5442
7163
5760
6281
5633
5982
7122
8386
9061
6855
9387
7149
6457
7450
8316
6323
5961
7735
8413
5986
6626
6457
8065
6656
7658
5646
6088
7661
7752
7708
9278
8023
7531
8492
8827
6802
9228
5461
7492
9030
7399
8761
8954
7648
8739
9078
6037
6462
7766
5470
6679
7453
5710
8113
6920
6921
5688
6437
6979
5483
5500
6058
9263
9350
8828
5668
5778
6823
8784
5845
6814
7980
5498
7725
7920
6747
7922
5780
8322
7867
9463
9468
5569
5979
6933
6715
6615
8496
8634
5649
9207
5496
8601
8967
5500
8828
8800
9098
7408
8781
5505
6598
8435
5512
6762
7373
7437
8670
6578
6452
6524
8126
8130
5512
7477
6511
8885
9087
7581
7569
7307
8089
5522
6511
9000
6445
7543
9260
7578
6474
7860
7074
6895
6651
8543
6668
5540
5736
6368
5931
6100
8570
6731
6729
9070
6971
7209
6010
6731
8915
6919
7732
8072
9161
8959
9103
7921
8128
7309
7312
7997
5773
5777
7921
8387
8673
8119
5615
5630
6716
8519
6700
7689
6673
6685
6684
8471
6015
6360
5556
9118
6162
7012
9437
5695
8664
7789
8227
5948
7946
7272
8424
9337
5847
7518
6036
8659
7560
8769
5572
6665
9311
9470
6937
9157
7457
5634
9293
6492
6900
6993
7354
6048
8006
5590
7279
5650
5774
7842
8230
5593
8052
9100
6392
8622
8795
6986
7046
8007
8052
9334
5684
6128
8540
5598
6776
8582
5817
5873
6776
5817
5600
6042
7240
8848
5604
6105
6871
7446
6683
8339
6451
8799
5625
7068
6049
6389
6138
7318
7996
5954
6754
9369
6788
8525
5777
5961
7543
8023
8613
9128
6263
6305
6328
6927
7509
9085
5940
8678
7499
5926
8588
6549
6914
8070
8360
8717
5791
8152
6368
7384
7380
9003
8477
8799
6410
7165
8375
6585
5644
6737
8848
7134
8848
7140
7010
8376
5643
6950
9350
6006
7186
6808
6567
7786
6930
6936
6623
5719
8406
5656
9299
7631
6008
6661
6009
8760
8906
6788
8042
8072
7778
7222
8373
7940
8069
9345
5660
5661
6024
5662
5662
8631
7306
7117
6052
7658
8766
7902
6375
7013
5772
6457
7871
7901
8857
6590
7013
8046
6363
8157
8516
9088
8303
6079
7164
5985
6643
6436
7344
7882
5691
8262
6427
8436
6969
5702
5762
7694
6259
6527
7901
5936
8797
6836
8847
5705
5725
7493
9197
8353
8357
8219
9109
9207
7537
8982
6229
7987
6730
8255
8533
6039
6850
6279
6533
8647
9371
8602
7200
8289
6106
6230
9030
6130
8961
9488
5871
6096
6480
8199
5758
6063
8621
5729
8538
7178
9360
8233
7589
8790
8959
5745
5753
8653
8838
9069
9077
7585
6826
5960
6082
8620
6181
6367
5738
8138
9378
8251
9322
7007
8988
5743
7014
7209
9248
9256
8512
7587
8457
5989
7686
6019
6208
9069
5871
7297
6847
6957
8321
8551
6198
5769
7073
9365
5770
8258
7793
7973
7200
7539
5830
5857
7001
8990
6425
8050
8282
8434
8198
9223
9386
8245
8277
5830
8982
8245
6810
6812
7891
6009
5800
7884
9416
5879
9355
7884
8467
6186
5815
7783
7995
8049
5786
8543
6028
8195
6272
6629
5795
9365
9052
6412
7449
6223
6576
9491
8647
7790
8348
5804
5813
5906
5854
7040
7211
7655
7779
9200
9394
8343
5813
7404
7720
7425
7843
6027
6369
6876
7303
7736
7378
8657
8751
6830
7726
9395
5835
9398
5962
9092
9366
7466
7086
8751
5835
7979
6775
9012
6710
9453
5849
7615
5848
8192
6315
7889
8295
5842
5845
6571
9352
9421
6168
7789
7965
7772
5848
7809
8254
8867
6218
8238
7618
6485
5912
7456
7481
8691
5858
8441
7333
5951
6402
5861
6204
8275
7863
8780
6990
9363
7068
5866
8793
9047
9284
5890
7167
8311
9294
6449
6383
7274
6351
7936
6174
6548
6632
6108
6966
8075
8257
8717
6868
6769
9446
6581
5883
5889
6174
8114
8771
8321
8805
6998
9038
9337
6890
6822
9294
8519
8351
8754
8824
8357
8635
6202
7656
5893
8076
8204
6824
8095
8268
7888
7298
5901
5912
6746
7015
7184
7618
8276
6156
7345
9459
8899
6319
9247
8383
5910
8693
8908
5964
6026
7788
8121
5913
6509
7157
7887
6504
7637
8629
5915
8765
8002
8565
5963
6003
7114
7445
9049
8237
6630
7496
7725
6845
7491
6004
8572
8117
8269
6392
6770
7348
5928
7815
9043
6004
6248
6546
6648
7864
7640
6340
7193
6579
5949
7948
5954
8702
8803
8886
8919
6397
9292
6044
6060
9115
7910
6254
8573
7109
6760
6358
9080
6518
8869
7750
7634
6212
7119
7540
8984
9097
6491
7737
7506
6272
6303
7831
8155
6718
7036
8632
9408
6483
6829
7344
7428
8879
6507
6920
8416
7373
7437
7643
7759
9158
6410
7606
5988
7693
7882
9006
6305
7795
7570
8618
7163
7105
5986
7645
8773
8798
6123
9136
7962
6012
6232
8148
9209
6588
5995
8429
8861
7821
8106
6259
7238
5999
6530
7744
9043
6504
6002
8557
6821
6419
6561
6009
6661
9181
6478
8514
8883
9327
7876
7924
8971
8636
6604
6850
7470
8359
8721
6216
8236
6620
8234
8331
6497
7028
7491
6313
6061
7912
6651
7755
8046
8811
8582
6727
7576
7705
6441
7424
6090
7882
7220
7549
6082
6462
8801
6888
6557
7026
7240
6417
6901
8718
6047
7449
7498
6556
7026
7032
6694
6060
6092
8007
8008
6054
7055
9333
6429
7598
8722
9309
8698
9447
7115
8812
9502
8140
6157
6765
7174
8643
7238
8178
8855
6307
9021
6176
7256
9376
6597
8943
7800
8260
8537
7263
8639
7572
8513
8517
7238
9407
6889
7876
8971
7155
6544
7872
8522
6942
8522
6546
7546
7565
7528
6801
8158
9034
6696
6877
7951
8814
6687
7800
8139
8201
8453
7215
9142
7085
7830
8505
7166
7890
8822
6853
8606
6224
6859
8752
6125
6108
6310
9423
7021
7389
7638
6206
8251
9450
8299
9502
7700
9495
6144
7987
8551
6277
6905
6987
8630
7258
7870
6122
6565
9410
7707
6200
7645
7247
6643
6646
7139
6129
6132
6643
6416
8143
8562
7037
7041
9303
6133
7584
6394
6498
8581
7992
8232
6140
6338
6416
6162
7338
8102
6247
9123
7062
7138
9118
7414
6859
8102
8396
6240
9023
6202
8279
6594
8902
8956
6155
9122
6542
7207
6451
8970
8972
6878
8495
8975
7011
6765
8926
8949
7796
6378
6394
6498
8260
6797
6975
8685
6650
7060
7138
7219
7242
7379
9348
6173
7345
7350
8972
6178
7202
7356
6548
7830
6858
9381
6962
6973
8980
6181
6507
7900
6295
6415
7387
6476
6520
6982
9058
7958
8271
8866
6296
7824
6192
8403
8842
6201
8907
7872
6435
7058
6345
8948
8238
8959
8383
6217
7367
7658
7626
9273
8208
6981
8561
6945
7203
6576
7047
7054
7702
8423
8426
9187
9191
6543
9406
6277
7458
9139
8312
6697
7803
6911
9455
6301
8418
7140
9278
6228
8528
9071
8875
6554
9063
9064
6821
8557
9486
6238
6284
8330
9304
9497
8576
7536
7835
9024
6246
7832
8872
8874
9393
7770
7255
8312
6278
6853
7256
6253
6756
7878
9191
8165
8573
6255
9464
6524
7272
7405
7185
7369
8058
8857
8651
6456
7901
6704
8587
7150
7771
7829
6612
8553
6337
7047
7504
9498
6312
8851
8067
7656
6857
6941
6467
6724
8560
9071
6354
7262
6321
7771
8876
6404
8419
6443
7694
8588
8796
8104
8802
8945
7099
7923
7095
7666
9314
7794
9135
6804
9468
8745
9173
6308
7461
9178
6314
9452
7928
8054
7244
7503
8869
8644
9159
6441
7051
7551
6846
7178
8569
6677
6613
8555
8725
9203
7431
8677
9212
6396
6577
8504
6728
7927
7939
7154
7442
7718
8338
6612
9217
7632
7775
7491
8241
9412
9490
9490
7267
8042
8115
7001
7011
7735
6881
8821
6516
7717
8525
8416
8706
8992
9344
9346
7660
7956
6490
6577
8700
6999
8711
6353
7899
6356
6763
9131
6965
7327
8681
6361
9101
8608
9318
6366
7078
7188
7688
7100
7545
6593
8959
6593
7900
7908
8498
7267
7900
7908
8038
7100
7545
8264
8361
6429
7799
7801
8140
6468
6498
6867
6834
7397
7030
7032
9236
8279
7297
8258
6391
8359
7800
8760
8789
8917
6401
8678
6567
6816
9082
8213
8467
8412
7002
8889
9362
7582
9193
9280
8402
8079
6690
9179
7009
7162
7097
7099
7250
7195
7815
8053
8230
8541
9220
7557
6572
7156
9129
7148
6592
8427
7266
8530
6450
6744
7951
7268
8611
6442
7053
7294
7100
7471
7133
7428
7150
6727
6451
8081
8799
7684
6454
7617
6454
7130
9008
7724
8399
8181
9180
6616
8951
7192
8124
8700
8265
6525
6693
9019
6526
6483
7019
6470
7200
6487
6550
7108
7155
8696
6846
7572
6952
7244
8511
8875
9053
9113
8055
6930
8365
7726
6545
6813
9089
8361
7263
8765
6489
8056
8286
6488
6667
6495
6505
7560
7719
8420
8993
7817
7764
6505
7854
6789
7039
6556
6586
8964
8363
9492
6509
7122
8558
6603
6577
7668
9194
8818
8175
7860
6562
8873
8890
8407
7137
9010
8985
9035
9429
6892
6842
8993
7280
8417
6530
7388
7922
8182
7464
8548
8809
8891
6879
8518
9154
7388
8574
9480
7930
6616
9160
6900
7641
8494
7106
7616
8161
6559
8099
8502
9417
6812
9098
7280
7617
6961
8972
6667
7364
7823
8779
7358
8764
7853
7125
7243
8904
8180
7287
6586
6589
6860
6567
9323
7438
7502
7595
8502
7866
7215
7926
7772
8187
7664
8291
8623
8769
8884
8886
7172
8878
7498
6583
7580
8487
8352
7475
6585
7677
9005
7197
9003
9497
7598
8215
7405
7206
7641
7523
8568
8762
8435
7523
8762
8863
6908
7434
7462
7744
8853
7670
7932
8640
8438
8497
6610
6688
6956
8409
8731
8335
6972
6632
7478
6614
6635
7553
8323
7391
8761
8166
8320
8231
6644
8150
6621
8236
8126
8793
8767
6636
8443
6655
8173
6639
8060
9373
8332
9258
6664
9342
6967
6978
6646
9388
8723
8840
8101
8628
6653
7139
6654
6653
7259
8170
8776
6665
7062
7065
7072
7946
7283
7580
7634
8793
8901
8896
6922
9263
8626
9168
9150
7593
9149
6985
8208
6943
6669
6670
6672
6672
6723
7497
6943
6681
7694
7583
7319
6729
7817
8974
7690
9313
9156
6685
6687
6689
7650
6733
6798
8389
6689
6705
8210
6717
9414
6932
7436
8669
7711
8347
7191
7217
7002
6905
8522
8512
7480
7995
8063
9347
9067
7714
9059
9332
9106
9108
6831
8510
6964
7977
8847
7282
9267
7423
9188
6836
9184
8445
7542
8523
7928
7223
8656
7224
9094
7262
8420
8993
6967
6972
6978
7113
8670
8891
7171
8263
7373
6739
6809
8733
6744
9420
9272
9274
7548
7925
7152
7237
7258
9141
7258
9250
8701
9005
7273
8182
8776
7128
6974
6881
7397
8810
7317
7586
8682
7006
8211
7333
8672
9240
7994
8809
8259
9294
6868
7803
6789
6867
7098
6887
8204
7120
8913
9452
7334
7337
8115
7801
8169
6792
8697
6799
8619
7389
7644
7680
6856
7446
7399
9083
9156
6852
9449
6806
8160
6812
8381
7184
7887
8688
7414
7573
8825
7413
6815
6817
7980
6817
6819
7660
6923
7103
7540
8927
7660
7786
9500
7774
8584
8550
6824
8037
8663
6877
9441
8069
9344
8758
9340
7645
7046
8441
9319
7353
6931
8624
8198
9395
8625
8428
9029
9031
8514
7028
7834
7028
8096
6940
9152
7969
8466
8635
8642
8737
7940
9137
8149
9158
6858
6871
8338
9091
7846
8491
7104
6963
8433
8177
8877
7969
7532
8264
8361
8301
7643
6932
8490
8994
8865
7024
9234
9238
9241
7141
7147
6883
6889
8889
8034
8304
8320
8034
8304
7730
8888
8573
7717
8677
8985
8076
6894
7070
6904
6919
8072
7067
8080
8420
9326
8871
7473
7732
8992
9211
9412
6910
7385
6914
6934
8274
6915
7978
8484
8108
7891
7893
7295
7621
7187
7522
9399
8086
9331
9472
8453
7752
8411
9119
7116
7661
6993
7477
8082
9143
9163
7168
7555
6939
8957
6957
6997
8921
8903
7336
7819
8308
8909
7989
7813
7828
9403
7812
9108
7081
7576
8981
7036
7330
7393
7624
8026
6967
7680
8976
7362
8713
9085
8237
7314
7393
8389
8452
7255
7630
8358
8424
7896
6984
7823
8779
8875
9046
8326
9355
7058
8485
7294
9475
8113
8191
7863
8783
7005
7813
8596
6997
7566
8350
8350
9355
6998
7566
8712
8933
7405
8984
7247
7239
8729
8507
8211
9424
7599
7891
7899
8127
7460
7613
9436
7123
8542
7052
7630
9171
7758
8736
8260
7382
8366
8534
7026
7360
9102
9132
8051
7212
9041
8200
8205
7360
8194
7296
7966
8045
8657
9067
9301
7086
7315
8214
8215
9013
7562
7489
7559
7053
7057
7294
7578
8662
8090
8708
8486
8574
7923
7293
9342
7289
7079
9402
8757
7078
7545
7351
9084
8303
7090
7081
8388
7767
8750
7089
8824
9404
9402
8047
9187
7111
7127
7371
8646
9484
9490
7988
9486
7180
7103
8940
7925
8653
9196
8024
7131
9172
8249
9204
7113
7371
8844
9361
7919
7164
7300
7760
8370
7911
8903
8844
8670
8870
7395
7662
7135
8446
7300
9409
8225
9007
7965
9388
8786
8829
7149
7154
8914
7604
7605
7156
8436
7150
7163
7154
7246
8724
8728
7753
7588
7889
8295
7615
7618
7492
8734
7300
8079
8353
8689
8353
9158
9025
7971
7175
7774
7544
8757
8380
9259
8792
9022
9151
9198
8039
7592
9328
7190
9214
7995
8063
7843
8601
8439
7375
9319
7209
9254
7715
7641
8924
7486
8272
9252
7320
9253
9093
7991
8465
7320
7377
8818
7810
8674
8873
8372
8379
8258
8040
7512
8374
7552
7647
7963
8450
8756
7234
8408
7417
8922
7235
9287
7963
7237
7239
8728
7341
8850
8979
7246
8904
7846
7954
7983
8045
7372
8006
9210
9287
8729
7286
7767
8468
8852
7429
8078
7806
7811
7915
9170
8023
8201
9146
8580
9144
7355
8343
7299
9478
7751
9336
7684
7322
7781
9478
7280
7859
7276
7316
9338
9171
8994
7283
7289
8487
7288
7638
7765
8752
7631
7644
7858
8456
9192
8474
8475
8707
7983
8263
7381
9439
8422
8231
8330
7305
7316
7744
8853
8854
7508
8088
8327
8379
8089
7426
7738
8135
8378
8756
7335
8255
8267
9283
7890
9055
9062
8479
9187
8652
9461
8549
8961
8960
7727
7329
8253
9224
7332
9224
7334
7348
7673
8425
7346
7341
8369
9492
8845
9006
7353
7348
8682
7351
7353
9455
8253
8182
7381
8935
9040
7991
7411
9227
8345
8373
8442
7408
7410
8904
8373
8445
8348
8750
7717
8668
8883
8515
9419
9227
9339
7652
7659
7828
8426
8572
7403
8109
8394
7406
7419
9001
7421
7574
8206
9061
9080
9039
7414
7421
7699
9044
7421
8530
8316
8379
8001
9274
8162
7436
9281
7561
8429
8962
9033
9031
7516
8188
7989
7479
7452
8277
9110
7453
7467
9029
9036
7609
8000
8398
9198
9050
9057
8947
8157
8460
7833
8990
8596
9020
8465
7475
7792
8737
9399
8265
9078
7490
9014
8888
7482
7982
8038
7889
8362
7688
8273
8600
8610
8473
9293
7548
8823
7588
9485
9112
7637
7508
8196
8977
7506
7741
7890
9062
9114
8241
9361
8384
8374
8810
8847
8858
7516
8812
8458
9076
8568
7529
8804
7801
9233
7807
8033
9225
7542
7540
8385
7531
8827
8850
7745
7538
7836
8845
7589
8224
7705
8804
9119
7956
9500
8800
8862
7635
8156
8270
9451
9169
7600
8427
7704
8743
8856
7731
8428
7601
9029
9031
7743
8856
7743
7723
7571
9008
9462
8338
8619
8450
8526
8839
9468
7581
9384
7777
9352
7734
7880
9367
7887
8645
9262
8746
9433
9249
7597
8746
7666
7602
9036
7893
7611
9036
7608
7611
8035
7688
8252
8273
9081
8686
7617
9407
8005
7664
8605
7687
7625
9404
8107
8200
8859
8510
8153
7849
9218
7644
7826
7789
8873
8890
8430
7654
7930
7649
8980
7807
8470
7654
8499
8811
8344
7653
8344
8978
8784
8901
8344
8356
9219
8411
9185
9202
8290
8833
9194
9201
8872
9202
8831
7673
7682
8976
7838
8529
9177
7682
7972
7979
9308
7682
8539
8274
8865
9131
8569
8374
7700
7707
8738
8620
8100
8103
8003
8614
7785
8118
7798
8650
8054
9423
9458
7728
8992
9001
8526
8774
8531
8800
8862
8984
9082
8495
7743
7895
7754
8022
7936
9408
8233
8869
8592
7755
7946
7751
8042
8254
7818
8037
8743
7837
8250
8674
9222
9112
7767
8505
8336
7827
8876
8291
8978
8312
9171
9300
8517
7819
8864
9498
8120
8622
9120
8099
8752
8139
8260
9234
9238
7813
8507
8077
9435
8312
8314
8317
8077
8738
8396
8317
9290
9297
9269
7981
8784
8288
8866
9290
9300
9059
7861
8505
7835
8987
8240
9438
7856
7861
8918
8633
8497
9221
8491
7851
8226
8757
8829
9329
9472
8625
8741
8446
8241
8242
7971
8250
7858
8186
8468
7862
8392
8468
9349
9267
7947
8249
9204
8915
9094
8062
7875
8264
9238
8213
8213
8467
7892
7898
7990
9004
8706
7897
8432
8918
8581
9346
8192
9394
7933
8414
8140
9144
7929
7933
8641
9397
8097
8827
8064
9142
8797
7937
7930
8414
8306
7954
8246
7945
8735
7945
9026
8669
9002
7962
8763
7959
8603
8881
7959
9155
9092
7968
7974
8370
7978
9096
7979
8045
9364
9365
8974
9403
8006
8242
8244
9348
9354
8898
8551
9348
7994
9415
7997
7999
9168
8001
8252
8031
9084
8239
8012
8335
8608
9318
8091
9182
8117
8044
9324
9324
9145
8024
8028
9173
9178
9418
9286
9055
9156
8470
8597
8114
8304
8349
8040
8386
8606
8927
8325
8437
9132
9332
8710
8063
8287
8203
8067
9334
9027
8837
8667
9047
8070
8073
8132
8586
8082
8286
8477
8092
8123
8240
9324
8240
8969
8573
8103
9432
8580
8695
8580
9251
8144
9336
8119
8454
8693
8138
8387
8393
8554
8161
8171
9037
8345
9234
8140
8151
9398
8176
8152
8151
8483
9209
8951
8782
8320
8166
8172
9443
9467
9140
8172
8189
9079
9275
9305
8716
9318
8465
8219
9197
8333
8254
9393
8987
8857
8203
8870
8221
8859
8660
8592
8868
9231
8643
8944
8321
9010
9310
9316
8552
8493
9322
8245
8236
8631
8432
8654
8802
8469
9193
8593
9032
9396
9130
9231
8681
9413
8578
8997
8736
9124
8952
9288
8541
8898
8285
9425
9470
8291
8473
8684
8297
8603
8690
8692
8469
8300
9268
9175
9125
9445
8785
8307
8310
8911
8742
8315
9171
8317
9050
8777
8917
8887
8894
8887
8991
8332
9329
9335
9258
9184
9190
9152
8354
8627
8635
8663
8627
9192
8754
9130
8534
8368
8369
8411
8892
8823
8371
8383
8372
8372
8452
9293
9360
9196
9162
8401
8567
9017
8729
9223
9199
8415
8572
9290
8488
8509
8451
8448
8520
8406
8459
8602
8457
9207
8410
8734
8879
8421
8984
8971
8425
9038
8832
8494
8822
9383
8437
8442
8628
9380
8449
8449
9474
9164
8459
8520
8480
8989
8496
8540
9034
9222
9116
8476
8759
9452
8544
8665
9108
8486
8508
8596
8501
9215
8889
8750
8818
9146
8832
8861
9430
9002
8833
8979
9246
8537
9064
9351
8536
8536
9024
9485
9383
8612
8552
8554
8854
8551
8561
9032
8725
8561
9498
8613
9273
9306
8560
9086
9295
8583
9051
8680
8902
9035
9228
8590
9238
8583
9141
9016
9082
9266
8588
8591
9043
8633
8859
9273
8629
8920
8664
9302
9472
9260
8887
9307
9387
8643
8797
8803
8853
8631
8808
9501
8754
8878
9350
8645
9386
8977
8660
8661
9343
8677
9426
8685
9245
8965
8966
8902
9385
8699
8692
8997
8699
8820
9242
8801
8964
8710
8708
8719
8744
8710
9113
9243
9245
9243
9244
8719
9483
9475
8726
9476
9292
9422
8979
8735
9291
8814
8759
8770
8856
9391
8777
8773
8778
9025
8775
8856
9136
8855
9291
8781
8808
9267
8790
9255
8843
9152
9355
8812
9363
9337
9356
8988
9083
9441
8985
8924
8837
8886
8871
9460
9198
8884
8881
9320
9317
9044
8985
9201
8882
9072
9037
8890
9053
9057
9429
9170
9307
9296
9088
9358
9011
8931
9150
9194
8931
9048
9095
8963
9095
8940
9501
8947
9039
9040
9042
8938
8939
9132
9368
9099
9105
9115
8954
8958
8963
8963
8966
9179
9371
8975
9052
9218
9193
9462
9101
9255
9308
9419
9029
9332
9028
9111
9464
9054
9239
9217
9058
9177
9148
9239
9065
9075
9074
9077
9086
9147
9087
9236
9482
9095
9109
9107
9453
9115
9205
9242
9120
9127
9124
9299
9467
9128
9134
9166
9134
9334
9139
9143
9340
9343
9139
9151
9163
9400
9400
9154
9270
9162
9477
9178
9502
9254
9199
9220
9201
9393
9210
9221
9214
9292
9232
9352
9229
9230
9232
9232
9243
9282
9424
9253
9400
9254
9327
9302
9265
9295
9289
9285
9285
9289
9422
9289
9300
9357
9325
9502
9323
9325
9357
9471
9356
9370
9372
9373
9373
9381
9392
9394
9404
9411
9480
9414
9469
9427
9428
9441
9447
9448
9440
9433
9444
9456
9456
9496
9465
9474
9496
9472
9473
9495
9484
9496
)


// ************************************************************************* //
