/*--------------------------------*- C++ -*----------------------------------*\
  =========                 |
  \\      /  F ield         | OpenFOAM: The Open Source CFD Toolbox
   \\    /   O peration     | Website:  https://openfoam.org
    \\  /    A nd           | Version:  8
     \\/     M anipulation  |
\*---------------------------------------------------------------------------*/
FoamFile
{
    version     2.0;
    format      ascii;
    class       vectorField;
    location    "constant/polyMesh";
    object      points;
}
// * * * * * * * * * * * * * * * * * * * * * * * * * * * * * * * * * * * * * //


2993
(
(0.5 -1.22465e-16 1.5)
(0.47697 -0.15 0.25)
(-0.47697 -0.15 0.25)
(-5 3.67394e-17 0.4)
(-0.5 3.67394e-17 0.4)
(-0.47697 0.15 0.25)
(0.47697 0.15 0.25)
(5 3.67394e-17 0.4)
(0.5 -4.28626e-17 0.4)
(0.489765 0.100649 1.5)
(0.459479 0.197178 1.5)
(0.410382 0.285634 1.5)
(0.344483 0.362396 1.5)
(0.264482 0.424322 1.5)
(0.173653 0.468876 1.5)
(0.0757139 0.494234 1.5)
(-0.0253246 0.499358 1.5)
(-0.125326 0.484039 1.5)
(-0.220197 0.448902 1.5)
(-0.306053 0.395388 1.5)
(-0.379379 0.325686 1.5)
(-0.437173 0.242651 1.5)
(-0.47707 0.149682 1.5)
(-0.497435 0.0505842 1.5)
(-0.497435 -0.0505842 1.5)
(-0.47707 -0.149682 1.5)
(-0.437173 -0.242651 1.5)
(-0.379379 -0.325686 1.5)
(-0.306053 -0.395388 1.5)
(-0.220197 -0.448902 1.5)
(-0.125326 -0.484039 1.5)
(-0.0253246 -0.499358 1.5)
(0.0757139 -0.494234 1.5)
(0.173653 -0.468876 1.5)
(0.264482 -0.424322 1.5)
(0.344483 -0.362396 1.5)
(0.410382 -0.285634 1.5)
(0.459479 -0.197178 1.5)
(0.489765 -0.100649 1.5)
(5 -0.0756384 0.379533)
(5 -0.130064 0.324722)
(5 -0.15 0.250096)
(5 -0.13016 0.175445)
(5 -0.0758046 0.120564)
(5 -0.00134793 0.100006)
(5 0.0734662 0.119223)
(5 0.128799 0.173118)
(5 0.149977 0.247401)
(5 0.129702 0.325349)
(5 0.0746384 0.380112)
(-0.443855 -0.230202 0.25)
(-0.389601 -0.313387 0.25)
(-0.319976 -0.384207 0.25)
(-0.237727 -0.43987 0.25)
(-0.1461 -0.478179 0.25)
(-0.0487078 -0.497622 0.25)
(0.0506055 -0.497432 0.25)
(0.147922 -0.477618 0.25)
(0.239403 -0.43896 0.25)
(0.321439 -0.382984 0.25)
(0.390793 -0.311898 0.25)
(0.444729 -0.228507 0.25)
(-0.403569 -0.15 0.25)
(-0.329992 -0.15 0.25)
(-0.256415 -0.15 0.25)
(-0.182838 -0.15 0.25)
(-0.109261 -0.15 0.25)
(-0.0356843 -0.15 0.25)
(0.0378927 -0.15 0.25)
(0.11147 -0.15 0.25)
(0.185047 -0.15 0.25)
(0.258624 -0.15 0.25)
(0.332201 -0.15 0.25)
(0.405778 -0.15 0.25)
(-5 -0.0756384 0.379533)
(-5 -0.130064 0.324722)
(-5 -0.15 0.250096)
(-5 -0.13016 0.175445)
(-5 -0.0758046 0.120564)
(-5 -0.00134793 0.100006)
(-5 0.0734662 0.119223)
(-5 0.128799 0.173118)
(-5 0.149977 0.247401)
(-5 0.129702 0.325349)
(-5 0.0746384 0.380112)
(-0.403569 0.15 0.25)
(-0.329992 0.15 0.25)
(-0.256415 0.15 0.25)
(-0.182838 0.15 0.25)
(-0.109261 0.15 0.25)
(-0.0356842 0.15 0.25)
(0.0378928 0.15 0.25)
(0.11147 0.15 0.25)
(0.185047 0.15 0.25)
(0.258624 0.15 0.25)
(0.332201 0.15 0.25)
(0.405778 0.15 0.25)
(0.448191 0.22164 0.25)
(0.397341 0.303514 0.25)
(0.328318 0.377103 0.25)
(0.245928 0.435338 0.25)
(0.153523 0.475847 0.25)
(0.0548677 0.49698 0.25)
(-0.046022 0.497877 0.25)
(-0.145038 0.478502 0.25)
(-0.238148 0.439643 0.25)
(-0.321561 0.382882 0.25)
(-0.391881 0.310531 0.25)
(-0.446244 0.225536 0.25)
(0.5 -1.22465e-16 0.4805)
(0.5 -1.22465e-16 0.58245)
(0.5 -1.22465e-16 0.6844)
(0.5 -1.22465e-16 0.78635)
(0.5 -1.22465e-16 0.8883)
(0.5 -1.22465e-16 0.99025)
(0.5 -1.22465e-16 1.0922)
(0.5 -1.22465e-16 1.19415)
(0.5 -1.22465e-16 1.2961)
(0.5 -1.22465e-16 1.39805)
(0.494533 -0.0737394 0.380624)
(0.482888 -0.12969 0.325369)
(-0.494485 -0.0740581 0.380443)
(-0.482938 -0.129503 0.325689)
(-0.482647 0.130584 0.323809)
(-0.494358 0.0749021 0.37996)
(0.482633 0.130633 0.323722)
(0.494368 0.0748323 0.38)
(0.572743 3.67394e-17 0.4)
(0.647781 3.67394e-17 0.4)
(0.722819 3.67394e-17 0.4)
(0.797858 3.67394e-17 0.4)
(0.872896 3.67394e-17 0.4)
(0.947934 3.67394e-17 0.4)
(1.02297 3.67394e-17 0.4)
(1.09801 3.67394e-17 0.4)
(1.17305 3.67394e-17 0.4)
(1.24809 3.67394e-17 0.4)
(1.32313 3.67394e-17 0.4)
(1.39816 3.67394e-17 0.4)
(1.4732 3.67394e-17 0.4)
(1.54824 3.67394e-17 0.4)
(1.62328 3.67394e-17 0.4)
(1.69832 3.67394e-17 0.4)
(1.77336 3.67394e-17 0.4)
(1.84839 3.67394e-17 0.4)
(1.92343 3.67394e-17 0.4)
(1.99847 3.67394e-17 0.4)
(2.07351 3.67394e-17 0.4)
(2.14855 3.67394e-17 0.4)
(2.22358 3.67394e-17 0.4)
(2.29862 3.67394e-17 0.4)
(2.37366 3.67394e-17 0.4)
(2.4487 3.67394e-17 0.4)
(2.52374 3.67394e-17 0.4)
(2.59878 3.67394e-17 0.4)
(2.67381 3.67394e-17 0.4)
(2.74885 3.67394e-17 0.4)
(2.82389 3.67394e-17 0.4)
(2.89893 3.67394e-17 0.4)
(2.97397 3.67394e-17 0.4)
(3.04901 3.67394e-17 0.4)
(3.12404 3.67394e-17 0.4)
(3.19908 3.67394e-17 0.4)
(3.27412 3.67394e-17 0.4)
(3.34916 3.67394e-17 0.4)
(3.4242 3.67394e-17 0.4)
(3.49923 3.67394e-17 0.4)
(3.57427 3.67394e-17 0.4)
(3.64931 3.67394e-17 0.4)
(3.72435 3.67394e-17 0.4)
(3.79939 3.67394e-17 0.4)
(3.87443 3.67394e-17 0.4)
(3.94946 3.67394e-17 0.4)
(4.0245 3.67394e-17 0.4)
(4.09954 3.67394e-17 0.4)
(4.17458 3.67394e-17 0.4)
(4.24962 3.67394e-17 0.4)
(4.32466 3.67394e-17 0.4)
(4.39969 3.67394e-17 0.4)
(4.47473 3.67394e-17 0.4)
(4.54977 3.67394e-17 0.4)
(4.62481 3.67394e-17 0.4)
(4.69985 3.67394e-17 0.4)
(4.77489 3.67394e-17 0.4)
(4.84992 3.67394e-17 0.4)
(4.92496 3.67394e-17 0.4)
(-4.92497 3.67394e-17 0.4)
(-4.84994 3.67394e-17 0.4)
(-4.77491 3.67394e-17 0.4)
(-4.69989 3.67394e-17 0.4)
(-4.62486 3.67394e-17 0.4)
(-4.54983 3.67394e-17 0.4)
(-4.4748 3.67394e-17 0.4)
(-4.39977 3.67394e-17 0.4)
(-4.32474 3.67394e-17 0.4)
(-4.24971 3.67394e-17 0.4)
(-4.17468 3.67394e-17 0.4)
(-4.09966 3.67394e-17 0.4)
(-4.02463 3.67394e-17 0.4)
(-3.9496 3.67394e-17 0.4)
(-3.87457 3.67394e-17 0.4)
(-3.79954 3.67394e-17 0.4)
(-3.72451 3.67394e-17 0.4)
(-3.64948 3.67394e-17 0.4)
(-3.57445 3.67394e-17 0.4)
(-3.49943 3.67394e-17 0.4)
(-3.4244 3.67394e-17 0.4)
(-3.34937 3.67394e-17 0.4)
(-3.27434 3.67394e-17 0.4)
(-3.19931 3.67394e-17 0.4)
(-3.12428 3.67394e-17 0.4)
(-3.04925 3.67394e-17 0.4)
(-2.97423 3.67394e-17 0.4)
(-2.8992 3.67394e-17 0.4)
(-2.82417 3.67394e-17 0.4)
(-2.74914 3.67394e-17 0.4)
(-2.67411 3.67394e-17 0.4)
(-2.59908 3.67394e-17 0.4)
(-2.52405 3.67394e-17 0.4)
(-2.44902 3.67394e-17 0.4)
(-2.374 3.67394e-17 0.4)
(-2.29897 3.67394e-17 0.4)
(-2.22394 3.67394e-17 0.4)
(-2.14891 3.67394e-17 0.4)
(-2.07388 3.67394e-17 0.4)
(-1.99885 3.67394e-17 0.4)
(-1.92382 3.67394e-17 0.4)
(-1.84879 3.67394e-17 0.4)
(-1.77377 3.67394e-17 0.4)
(-1.69874 3.67394e-17 0.4)
(-1.62371 3.67394e-17 0.4)
(-1.54868 3.67394e-17 0.4)
(-1.47365 3.67394e-17 0.4)
(-1.39862 3.67394e-17 0.4)
(-1.32359 3.67394e-17 0.4)
(-1.24857 3.67394e-17 0.4)
(-1.17354 3.67394e-17 0.4)
(-1.09851 3.67394e-17 0.4)
(-1.02348 3.67394e-17 0.4)
(-0.948451 3.67394e-17 0.4)
(-0.873422 3.67394e-17 0.4)
(-0.798393 3.67394e-17 0.4)
(-0.723365 3.67394e-17 0.4)
(-0.648336 3.67394e-17 0.4)
(-0.573307 3.67394e-17 0.4)
(0.398818 0.02854 1.5)
(0.378003 0.208305 1.5)
(0.247325 0.320103 1.5)
(0.104556 0.414512 1.5)
(-0.0664093 0.404755 1.5)
(-0.212978 0.348823 1.5)
(-0.348254 0.242688 1.5)
(-0.398015 0.077351 1.5)
(-0.400942 -0.0806432 1.5)
(-0.352417 -0.245101 1.5)
(-0.215309 -0.347925 1.5)
(-0.0662448 -0.400499 1.5)
(0.106128 -0.411491 1.5)
(0.252585 -0.320517 1.5)
(0.356169 -0.193446 1.5)
(0.393945 -0.0864618 1.5)
(0.39208 0.125452 1.5)
(0.317681 0.264113 1.5)
(0.173082 0.37004 1.5)
(0.0217125 0.409674 1.5)
(-0.148719 0.401129 1.5)
(-0.282147 0.293217 1.5)
(-0.371104 0.162352 1.5)
(-0.425521 -0.00117605 1.5)
(-0.375894 -0.165848 1.5)
(-0.286361 -0.2947 1.5)
(-0.149304 -0.398721 1.5)
(0.022719 -0.405078 1.5)
(0.176381 -0.36718 1.5)
(0.324214 -0.275943 1.5)
(0.308661 0.0747848 1.5)
(0.151768 0.272584 1.5)
(0.0777746 0.329486 1.5)
(-0.0199657 0.314138 1.5)
(-0.118073 0.318576 1.5)
(-0.187607 0.246419 1.5)
(-0.271206 0.189933 1.5)
(-0.289513 0.088421 1.5)
(-0.333786 -0.00392855 1.5)
(-0.299493 -0.0983367 1.5)
(-0.282242 -0.196125 1.5)
(-0.196903 -0.246524 1.5)
(-0.120437 -0.311941 1.5)
(-0.0189344 -0.30353 1.5)
(0.0825379 -0.321962 1.5)
(0.163797 -0.264303 1.5)
(0.255104 -0.220502 1.5)
(0.279299 -0.123819 1.5)
(0.231453 0.222304 1.5)
(0.30718 0.169025 1.5)
(0.301163 -0.0244463 1.5)
(0.228652 0.128212 1.5)
(0.0415383 0.218531 1.5)
(-0.0807716 0.21966 1.5)
(-0.167736 0.121706 1.5)
(-0.215449 -0.0137516 1.5)
(-0.201728 -0.140001 1.5)
(-0.0891622 -0.197963 1.5)
(0.0524224 -0.203748 1.5)
(0.170493 -0.160006 1.5)
(0.142887 0.175931 1.5)
(0.196068 -0.0605275 1.5)
(0.220012 0.0331898 1.5)
(-0.0932898 0.0117249 1.5)
(-0.0388108 0.114429 1.5)
(-0.0234615 -0.0941331 1.5)
(0.0870167 -0.0860109 1.5)
(-0.124331 -0.0862103 1.5)
(0.154258 0.0897736 1.5)
(0.0665683 0.103918 1.5)
(0.0171446 0.0090535 1.5)
(0.120288 0.010226 1.5)
(5 -0.0417423 0.320154)
(5 -0.0837674 0.249554)
(5 -0.0424737 0.177684)
(5 0.0402715 0.176954)
(5 0.079331 0.249234)
(5 0.0410634 0.321575)
(5 -0.000854012 0.24935)
(-0.360717 -0.226132 0.25)
(-0.281736 -0.293804 0.25)
(-0.208684 -0.373963 0.25)
(-0.109745 -0.387531 0.25)
(-0.0111328 -0.38027 0.25)
(0.0917178 -0.357216 0.25)
(0.20337 -0.367958 0.25)
(0.281949 -0.291002 0.25)
(-0.21928 -0.222005 0.25)
(-0.0711344 -0.213746 0.25)
(0.0876846 -0.234998 0.25)
(0.223702 -0.21753 0.25)
(0.362374 -0.225258 0.25)
(0.00437298 -0.251597 0.25)
(-0.290254 -0.20958 0.25)
(-0.142101 -0.221677 0.25)
(0.154086 -0.208236 0.25)
(0.292819 -0.20807 0.25)
(-0.174173 -0.299695 0.25)
(-0.0821639 -0.295821 0.25)
(0.171122 -0.285347 0.25)
(-5 -0.0417888 0.320193)
(-5 -0.0837787 0.249564)
(-5 -0.042483 0.177695)
(-5 0.0402678 0.176968)
(-5 0.07937 0.249248)
(-5 0.0410412 0.321596)
(-5 -0.000883398 0.249375)
(-0.291834 0.205992 0.25)
(-0.22201 0.217044 0.25)
(-0.146225 0.215723 0.25)
(-0.0696941 0.216711 0.25)
(0.00417889 0.220109 0.25)
(0.0763005 0.214836 0.25)
(0.149731 0.210321 0.25)
(0.220313 0.20794 0.25)
(0.294583 0.210116 0.25)
(0.368153 0.217562 0.25)
(0.24542 0.343922 0.25)
(0.143879 0.366774 0.25)
(0.0302593 0.401767 0.25)
(-0.0987842 0.380292 0.25)
(-0.208086 0.372369 0.25)
(-0.28454 0.290823 0.25)
(-0.362474 0.221973 0.25)
(0.319157 0.289287 0.25)
(-0.182301 0.294772 0.25)
(-0.030556 0.305216 0.25)
(0.0519036 0.302882 0.25)
(0.253829 0.267618 0.25)
(-0.106423 0.28464 0.25)
(0.118905 0.277257 0.25)
(0.187284 0.281981 0.25)
(0.492728 -0.0849645 0.53679)
(0.491801 -0.0901773 0.733397)
(0.491848 -0.0899183 0.939207)
(0.492135 -0.0883329 1.14253)
(0.494986 -0.0706298 1.33195)
(0.494129 -0.076398 1.42277)
(0.477755 -0.14748 0.396988)
(0.46046 -0.194875 0.32808)
(-0.413686 -0.280827 0.332812)
(-0.278297 -0.415393 0.335924)
(-0.0965727 -0.490585 0.337472)
(0.101933 -0.489499 0.339644)
(0.284513 -0.41116 0.340184)
(0.419348 -0.2723 0.333779)
(-0.499206 -0.0281753 0.46481)
(-0.473971 -0.159223 0.404596)
(-0.456991 -0.202877 0.329749)
(-0.477477 0.148376 0.404227)
(-0.495072 0.070027 0.461674)
(0.420575 0.270401 0.33515)
(0.287044 0.409397 0.336388)
(0.103783 0.48911 0.335529)
(-0.0962068 0.490657 0.336025)
(-0.280993 0.413574 0.336804)
(-0.417673 0.274862 0.334779)
(-0.459758 0.196526 0.329476)
(0.477389 0.148661 0.399994)
(0.494061 0.0768361 0.451204)
(0.492881 0.0840757 0.541124)
(0.492553 0.0859753 0.638923)
(0.492804 0.0845263 0.739689)
(0.493129 0.0826068 0.8403)
(0.493475 0.0805117 0.939764)
(0.493742 0.0788609 1.0383)
(0.493728 0.0789478 1.13579)
(0.493362 0.0812012 1.23128)
(0.492704 0.0851051 1.32409)
(0.491661 0.0909373 1.41367)
(0.465094 0.183543 1.42337)
(0.419724 0.27172 1.42915)
(0.356842 0.350233 1.43189)
(0.279277 0.414734 1.43269)
(0.190411 0.462324 1.433)
(0.0935647 0.491168 1.43355)
(-0.00734067 0.499946 1.43395)
(-0.108067 0.488182 1.4341)
(-0.204343 0.456337 1.43399)
(-0.292113 0.405795 1.43375)
(-0.367813 0.338694 1.43358)
(-0.428456 0.257732 1.43359)
(-0.471587 0.16615 1.43365)
(-0.495388 0.0677563 1.43365)
(-0.498891 -0.0332808 1.43366)
(-0.482022 -0.132871 1.43382)
(-0.445429 -0.227142 1.43411)
(-0.390518 -0.312243 1.43428)
(-0.319615 -0.384508 1.43419)
(-0.235826 -0.440892 1.43407)
(-0.142717 -0.479199 1.43419)
(-0.0440263 -0.498058 1.43455)
(0.0565219 -0.496795 1.43465)
(0.15468 -0.475473 1.43375)
(0.244985 -0.43587 1.43222)
(0.321833 -0.382653 1.4335)
(0.387113 -0.316454 1.43307)
(0.436895 -0.243151 1.42891)
(0.472939 -0.162261 1.43153)
(0.494155 -0.0762302 0.449271)
(0.491879 -0.0897476 0.632811)
(0.491932 -0.0894604 0.836063)
(0.491729 -0.0905667 1.04194)
(0.493458 -0.0806169 1.23919)
(-0.191507 -0.461871 0.336648)
(-0.353332 -0.353775 0.334846)
(0.00253069 -0.499994 0.338502)
(0.197202 -0.459469 0.340303)
(0.359663 -0.347336 0.338275)
(-0.48726 -0.112151 0.477864)
(0.460378 0.19507 0.327289)
(0.362052 0.344846 0.337407)
(0.199411 0.458514 0.335532)
(0.00391454 0.499985 0.335768)
(-0.192589 0.461421 0.336373)
(-0.357301 0.349765 0.33679)
(0.468105 -0.175721 0.782457)
(0.467424 -0.177525 0.99152)
(0.466718 -0.179373 0.677927)
(0.469474 -0.172028 1.19747)
(0.468192 -0.175487 0.8867)
(0.472696 -0.162969 0.481935)
(-0.0464877 0.497834 0.421846)
(-0.0466163 -0.497822 0.42575)
(0.481797 -0.133684 1.36526)
(0.446176 -0.22567 0.413201)
(0.152621 -0.476137 0.430336)
(0.0538957 -0.497087 0.428164)
(-0.144252 -0.478739 0.424013)
(0.150984 0.476659 0.420729)
(0.328206 -0.377201 0.430007)
(-0.316608 -0.386988 0.421676)
(0.39421 0.307569 0.428032)
(0.245406 -0.435633 0.431181)
(-0.384408 -0.319736 0.419537)
(-0.437032 -0.242905 0.414907)
(-0.235516 -0.441058 0.422789)
(0.242916 0.437026 0.421178)
(0.445208 0.227573 0.420026)
(0.0535437 0.497125 0.421457)
(0.325447 0.379584 0.424241)
(-0.238135 0.43965 0.423138)
(-0.391064 0.311559 0.42435)
(0.396142 -0.305076 0.424574)
(0.476326 -0.15203 1.28789)
(-0.443346 0.23118 0.418939)
(0.472034 0.164875 0.490947)
(-0.499582 0.0204322 0.531502)
(0.469628 0.171608 0.590599)
(0.470765 0.168464 0.694053)
(0.471977 0.16504 0.795457)
(0.473122 0.161725 0.893881)
(0.474526 0.157559 0.989402)
(0.47525 0.155363 1.08334)
(0.474381 0.157997 1.17469)
(0.472175 0.164471 1.26193)
(0.469138 0.172945 1.34406)
(0.427638 0.259087 1.35698)
(0.36835 0.33811 1.36341)
(0.293743 0.404618 1.36513)
(0.207285 0.455009 1.36555)
(0.111784 0.487344 1.36682)
(0.01127 0.499873 1.36781)
(-0.0899638 0.49184 1.36826)
(-0.187553 0.463491 1.36809)
(-0.277248 0.416093 1.36753)
(-0.35535 0.351747 1.36708)
(-0.418869 0.273036 1.36706)
(-0.465306 0.183004 1.36725)
(-0.492657 0.0853753 1.36726)
(-0.499759 -0.01551 1.36714)
(-0.486484 -0.115469 1.36738)
(-0.453359 -0.210868 1.36809)
(-0.401528 -0.297952 1.36859)
(-0.333172 -0.372822 1.36842)
(-0.251421 -0.432189 1.36798)
(-0.159935 -0.473731 1.36798)
(-0.0626804 -0.496056 1.3687)
(0.0367976 -0.498644 1.3695)
(0.135209 -0.481371 1.36835)
(0.227476 -0.445258 1.36398)
(0.306933 -0.394705 1.36038)
(0.364224 -0.34255 1.37024)
(0.467664 -0.176892 0.576942)
(0.466511 -0.179911 1.09705)
(-0.469433 0.172142 0.497887)
(-0.145064 0.478494 0.422235)
(-0.489518 0.101842 0.564398)
(-0.32147 0.382958 0.424363)
(-0.496546 -0.0586714 0.553261)
(0.414424 -0.279737 1.35345)
(0.455748 -0.205654 1.3546)
(-0.360126 0.346856 0.513295)
(-0.192026 0.461656 0.508366)
(-0.424397 0.264362 0.5136)
(0.432821 -0.250331 0.507456)
(0.104977 -0.488856 0.51951)
(0.10187 0.489513 0.506788)
(-0.0962775 -0.490643 0.511944)
(0.429337 -0.256261 0.937306)
(0.427798 0.258822 0.529998)
(-0.353098 -0.354008 0.507527)
(-0.281358 0.413325 0.510349)
(0.429152 -0.256571 0.728945)
(-0.458949 -0.198409 0.494842)
(-0.191191 -0.462002 0.509893)
(0.195506 0.460193 0.504817)
(-0.0957869 0.490739 0.507754)
(0.430431 -0.254419 0.832823)
(0.0036898 -0.499986 0.515225)
(0.373833 -0.332038 1.28188)
(0.00355653 0.499987 0.507627)
(0.433621 0.248944 0.648761)
(-0.413936 -0.280459 0.504063)
(0.436532 0.243802 0.753591)
(0.438295 0.240619 0.852611)
(0.440818 0.235964 0.946977)
(0.44487 0.228234 1.03599)
(0.44512 0.227746 1.12372)
(0.440529 0.236504 1.20596)
(0.43463 0.247178 1.28297)
(0.379702 0.325309 1.29428)
(0.308803 0.393244 1.29676)
(0.225635 0.446194 1.29652)
(0.131737 0.482333 1.29908)
(0.0318706 0.498983 1.30091)
(-0.0696346 0.495127 1.30193)
(-0.16849 0.470756 1.30184)
(-0.260251 0.42693 1.30079)
(-0.340965 0.365709 1.29977)
(-0.407589 0.289605 1.29968)
(-0.457619 0.201456 1.30017)
(-0.488911 0.104719 1.30031)
(-0.499984 0.00394203 1.29984)
(-0.490643 -0.0962769 1.29991)
(-0.461402 -0.192634 1.30127)
(-0.413092 -0.2817 1.3025)
(-0.347655 -0.359355 1.3023)
(-0.268164 -0.422005 1.3013)
(-0.178226 -0.467157 1.30081)
(-0.0821854 -0.493199 1.30154)
(0.0154499 -0.499761 1.30366)
(0.112624 -0.487151 1.30413)
(0.206722 -0.455265 1.29767)
(0.293824 -0.404558 1.28588)
(-0.277912 -0.41565 0.508746)
(0.293129 -0.405062 0.522686)
(0.418874 -0.273029 1.16704)
(0.360124 0.346859 0.515418)
(0.438696 -0.239888 1.2689)
(-0.478061 -0.146483 0.57415)
(-0.4998 0.0141297 0.615317)
(0.202934 -0.456966 0.522874)
(0.282821 0.412325 0.506432)
(0.372152 -0.33392 0.519653)
(0.418678 -0.27333 0.614365)
(0.426065 -0.261665 1.04534)
(-0.456627 0.203696 0.610826)
(-0.145666 -0.478311 0.59721)
(0.379481 -0.325568 0.780531)
(-0.395027 0.306519 0.605778)
(0.388039 0.315318 0.716651)
(-0.32095 0.383394 0.598633)
(-0.493599 -0.079748 0.648117)
(0.155267 -0.475281 0.613868)
(-0.235881 0.440863 0.594189)
(-0.489693 0.101 0.663715)
(0.148526 0.477431 0.591618)
(-0.14317 0.479064 0.593001)
(-0.0455396 0.497922 0.593312)
(-0.318479 -0.385449 0.594747)
(0.0532479 -0.497157 0.606598)
(0.381198 0.323556 0.613935)
(0.0535101 0.497128 0.593644)
(0.343815 -0.36303 1.19515)
(0.389553 0.313446 0.815474)
(0.391895 0.310513 0.911164)
(0.39751 0.303291 1.00169)
(0.409373 0.287077 1.07865)
(0.400519 0.299307 1.15086)
(0.391534 0.310968 1.22457)
(0.325644 0.379415 1.22787)
(0.247163 0.434638 1.22388)
(0.154599 0.475499 1.22952)
(0.055642 0.496894 1.23244)
(-0.0456982 0.497907 1.23452)
(-0.145615 0.478326 1.2349)
(-0.239613 0.438846 1.2332)
(-0.323339 0.381382 1.23097)
(-0.39361 0.308337 1.23048)
(-0.447704 0.222623 1.23162)
(-0.483559 0.127164 1.23244)
(-0.499305 0.0263502 1.23134)
(-0.494466 -0.0741817 1.23036)
(-0.469743 -0.171295 1.23265)
(-0.425689 -0.262276 1.23557)
(-0.363893 -0.342902 1.23562)
(-0.287286 -0.409227 1.23366)
(-0.199018 -0.458685 1.23224)
(-0.103518 -0.489167 1.23231)
(-0.00660607 -0.499956 1.23474)
(0.0859665 -0.492554 1.24009)
(0.177274 -0.467519 1.23538)
(0.262986 -0.425251 1.21636)
(-0.236788 -0.440377 0.595169)
(-0.0480794 -0.497683 0.60094)
(-0.387782 -0.315634 0.59432)
(0.366607 -0.339999 1.08989)
(-0.499996 0.00194816 0.709162)
(0.252862 -0.431348 0.618777)
(0.339336 -0.36722 0.612296)
(-0.464891 0.184054 0.724117)
(0.379777 -0.325222 0.881013)
(0.235422 0.441108 0.585344)
(-0.441797 -0.234127 0.588965)
(0.374758 -0.330993 0.982998)
(0.314997 0.3883 0.591864)
(0.377694 -0.327638 0.689823)
(-0.418108 0.2742 0.706517)
(0.00475682 0.499977 0.67859)
(0.104342 0.488992 0.681547)
(-0.490241 -0.0983032 0.750639)
(0.203616 -0.456662 0.714405)
(0.0999754 -0.489903 0.700599)
(-0.274674 0.417797 0.679445)
(-0.492276 0.0875441 0.760925)
(-0.187079 0.463682 0.677362)
(-0.100169 -0.489864 0.68539)
(-0.0938415 0.491115 0.677836)
(0.329623 0.375964 0.685617)
(0.328584 0.376872 0.780246)
(-0.467863 -0.176365 0.67499)
(0.324412 -0.380469 0.826086)
(0.328861 0.376631 0.876755)
(0.334704 0.371447 0.97512)
(0.348881 0.358165 1.07804)
(0.348378 0.358654 1.16421)
(0.275682 0.417132 1.14075)
(0.18084 0.466151 1.15771)
(0.08326 0.493019 1.16123)
(-0.0171944 0.499704 1.16492)
(-0.117382 0.486026 1.16693)
(-0.213512 0.45212 1.16476)
(-0.300553 0.399585 1.16016)
(-0.375648 0.329982 1.15826)
(-0.434678 0.247093 1.16004)
(-0.475702 0.153972 1.16325)
(-0.497147 0.0533345 1.16197)
(-0.497686 -0.0480471 1.15737)
(-0.478156 -0.146174 1.16018)
(-0.439358 -0.238673 1.16709)
(-0.382411 -0.322121 1.16837)
(-0.310014 -0.39229 1.16474)
(-0.224067 -0.446983 1.16192)
(-0.128574 -0.483186 1.16074)
(-0.0296556 -0.49912 1.16189)
(0.0645411 -0.495817 1.1679)
(0.139772 -0.480066 1.17979)
(-0.19408 -0.460796 0.68116)
(-0.00183127 -0.499997 0.691773)
(-0.279897 -0.414316 0.679962)
(-0.353221 0.353886 0.689925)
(0.293998 -0.404432 1.12245)
(0.312176 -0.390571 0.919141)
(0.304274 -0.396758 0.723187)
(-0.499978 -0.00465432 0.809507)
(-0.473139 0.161677 0.811386)
(0.195465 0.46021 0.674968)
(0.214219 -0.451786 1.15201)
(-0.356699 -0.35038 0.68129)
(-0.43152 0.252568 0.820959)
(0.304803 -0.396352 1.02162)
(0.222663 -0.447684 1.0586)
(0.240574 -0.43832 0.833608)
(-0.421233 -0.269376 0.684221)
(0.253592 0.430919 0.835695)
(-0.49219 0.0880263 0.858368)
(-0.0463285 0.497849 0.760448)
(-0.226111 0.445953 0.759009)
(-0.489738 -0.100779 0.860346)
(0.231971 -0.442933 0.957534)
(-0.139533 0.480136 0.763578)
(-0.0568448 -0.496758 0.777011)
(0.140466 -0.479864 0.796834)
(0.269249 0.421313 0.656636)
(0.256562 0.429157 0.938302)
(0.269038 0.421448 1.03623)
(0.139203 -0.480232 1.10411)
(0.202705 0.457067 1.0852)
(0.115023 0.48659 1.08592)
(0.0154306 0.499762 1.09087)
(-0.083315 0.49301 1.09674)
(-0.18014 0.466422 1.09649)
(-0.26986 0.420922 1.08696)
(-0.351307 0.355786 1.08265)
(-0.418155 0.274128 1.08229)
(-0.464708 0.184516 1.09049)
(-0.492405 0.0868189 1.09408)
(-0.499778 -0.0148837 1.0809)
(-0.48582 -0.118232 1.07876)
(-0.452917 -0.211816 1.09495)
(-0.40307 -0.295862 1.10134)
(-0.33723 -0.369156 1.09419)
(-0.255217 -0.429958 1.08953)
(-0.159841 -0.473763 1.08672)
(-0.0579993 -0.496625 1.08592)
(0.0458775 -0.497891 1.08908)
(-0.152171 -0.476281 0.766019)
(0.0377266 -0.498575 0.783749)
(-0.239614 -0.438845 0.765301)
(0.0538573 0.497091 0.764123)
(-0.454153 -0.209154 0.788832)
(-0.465749 0.181874 0.896972)
(-0.499985 0.00392927 0.912929)
(-0.305962 0.395458 0.763398)
(0.162662 0.472801 0.779048)
(0.258844 0.427785 0.740798)
(0.130592 -0.482644 1.0109)
(-0.318675 -0.385288 0.763081)
(-0.374051 0.331792 0.789785)
(-0.391113 -0.311498 0.769582)
(0.168268 0.470835 1.0007)
(-0.186447 0.463937 0.850476)
(0.17346 0.468947 0.891542)
(-0.488398 0.107085 0.950751)
(-0.492682 -0.0852342 0.980543)
(-0.199349 -0.458541 0.84964)
(-0.426288 0.261301 0.925654)
(0.155573 -0.475181 0.901611)
(-0.0911902 0.491614 0.850909)
(-0.460429 -0.194949 0.909352)
(0.0525637 0.497229 1.015)
(-0.0513576 0.497355 1.01552)
(-0.139254 0.480217 1.03194)
(-0.225446 0.446289 1.01251)
(-0.317986 0.385856 1.00224)
(-0.393933 0.307923 1.00195)
(-0.484229 0.124588 1.03058)
(-0.423321 -0.266082 1.03766)
(-0.369675 -0.33666 1.02213)
(-0.293513 -0.404784 1.01377)
(-0.199908 -0.458298 1.01144)
(-0.0942066 -0.491045 1.00546)
(0.00970223 -0.499906 1.0076)
(-0.00241875 0.499994 0.834282)
(-0.114244 -0.486773 0.845855)
(-0.454449 0.208509 0.999011)
(0.0829442 0.493072 0.855814)
(-0.261149 0.426382 0.830836)
(-0.282219 -0.412738 0.850442)
(-0.498846 0.0339478 1.00959)
(-0.409298 -0.287184 0.867369)
(-0.461201 -0.193115 1.00834)
(0.075705 -0.494236 0.862006)
(-0.368423 0.338031 0.907566)
(-0.0265088 -0.499297 0.896916)
(-0.147208 -0.477839 0.929286)
(-0.415165 -0.278636 0.959271)
(-0.141869 0.479451 0.943388)
(-0.0096485 0.499907 0.927482)
(-0.265645 0.423595 0.922447)
(-0.341059 -0.365621 0.930991)
(-0.321845 0.382643 0.848107)
(-0.351309 -0.355783 0.838793)
(0.0946396 0.490962 0.940638)
(0.0703378 -0.495028 0.941258)
(-0.245873 -0.435369 0.933497)
(0.600798 0.0657973 0.384799)
(0.759313 0.0657947 0.3848)
(0.911182 0.0639405 0.385689)
(1.06145 0.0641639 0.385584)
(1.21093 0.0648511 0.385257)
(1.36046 0.0640532 0.385636)
(1.51048 0.0631371 0.386065)
(1.66051 0.0630073 0.386125)
(1.81053 0.0630728 0.386095)
(1.96056 0.063118 0.386074)
(2.11065 0.0631509 0.386059)
(2.26077 0.0633322 0.385974)
(2.41076 0.0635658 0.385865)
(2.56077 0.0634118 0.385937)
(2.71104 0.0632221 0.386026)
(2.8613 0.0635291 0.385882)
(3.01142 0.0639987 0.385662)
(3.16158 0.0641634 0.385584)
(3.31175 0.0646762 0.38534)
(3.46151 0.0646884 0.385334)
(3.61141 0.0638431 0.385735)
(3.7615 0.0632458 0.386015)
(3.9116 0.0631158 0.386075)
(4.06166 0.0631365 0.386065)
(4.21171 0.063134 0.386067)
(4.36174 0.0630132 0.386122)
(4.51172 0.0628849 0.386182)
(4.66092 0.0626932 0.38627)
(4.80516 0.0596203 0.387642)
(0.542066 0.147631 0.276552)
(-0.439863 0.135947 0.186608)
(-0.289743 0.135081 0.184784)
(-0.141591 0.135106 0.184835)
(0.00609622 0.135133 0.184892)
(0.154034 0.135085 0.184793)
(0.30404 0.135048 0.184715)
(0.455911 0.137381 0.18978)
(-0.537327 0.148206 0.27313)
(-0.548424 0.114887 0.346442)
(-0.548313 0.0572186 0.388658)
(-4.89731 0.0668298 0.38429)
(-4.74051 0.0665415 0.384433)
(-4.58901 0.0653714 0.385006)
(-4.43839 0.0649132 0.385227)
(-4.28766 0.0643486 0.385496)
(-4.1373 0.064132 0.385599)
(-3.98718 0.0640312 0.385647)
(-3.8371 0.0639549 0.385683)
(-3.68701 0.0639355 0.385692)
(-3.53692 0.0639528 0.385684)
(-3.38685 0.0640304 0.385647)
(-3.23681 0.0640861 0.385621)
(-3.08679 0.0640776 0.385625)
(-2.93674 0.0640273 0.385648)
(-2.7867 0.0639706 0.385675)
(-2.63664 0.0639186 0.3857)
(-2.48657 0.0638314 0.385741)
(-2.3365 0.0637937 0.385758)
(-2.18644 0.063795 0.385758)
(-2.03637 0.0637623 0.385773)
(-1.88631 0.0637878 0.385761)
(-1.73625 0.0638131 0.385749)
(-1.58619 0.0638353 0.385739)
(-1.43612 0.0638587 0.385728)
(-1.28601 0.0639103 0.385704)
(-1.13591 0.0639631 0.385679)
(-0.986461 0.0634352 0.385926)
(-0.838948 0.0616666 0.386738)
(-0.690776 0.0702554 0.38253)
(-0.614665 0.0808506 0.376345)
(-4.94616 -0.112993 0.348654)
(-4.9345 -0.14458 0.210041)
(-4.93144 -0.0356238 0.104292)
(-4.93131 0.108683 0.146618)
(-4.93696 0.144966 0.288535)
(-4.8767 -0.0534972 0.390136)
(-4.81129 -0.0642136 0.38556)
(-4.73649 -0.0641465 0.385592)
(-4.661 -0.0637159 0.385795)
(-4.58613 -0.0638246 0.385744)
(-4.51146 -0.0638741 0.385721)
(-4.43676 -0.0638559 0.385729)
(-4.36197 -0.0638525 0.385731)
(-4.28709 -0.063871 0.385722)
(-4.21214 -0.0638975 0.38571)
(-4.13714 -0.0639247 0.385697)
(-4.06211 -0.063954 0.385683)
(-3.98708 -0.0639883 0.385667)
(-3.91205 -0.0640254 0.385649)
(-3.83703 -0.0640593 0.385633)
(-3.76201 -0.0640834 0.385622)
(-3.687 -0.0640929 0.385617)
(-3.61199 -0.0640856 0.385621)
(-3.53698 -0.064062 0.385632)
(-3.46196 -0.0640268 0.385649)
(-3.38692 -0.0639884 0.385667)
(-3.31188 -0.0639569 0.385682)
(-3.23684 -0.0639406 0.385689)
(-3.16179 -0.0639427 0.385688)
(-3.08676 -0.0639606 0.38568)
(-3.01174 -0.06399 0.385666)
(-2.93674 -0.0640316 0.385646)
(-2.8618 -0.0641064 0.385611)
(-2.78702 -0.0643141 0.385513)
(-2.71289 -0.0652326 0.385073)
(-2.63527 -0.0652709 0.385054)
(-2.56114 -0.0644131 0.385466)
(-2.48637 -0.0642673 0.385535)
(-2.41144 -0.0642504 0.385543)
(-2.33646 -0.0642599 0.385538)
(-2.26145 -0.0642711 0.385533)
(-2.18643 -0.0642784 0.38553)
(-2.11141 -0.0642803 0.385529)
(-2.03639 -0.0642747 0.385531)
(-1.96136 -0.0642606 0.385538)
(-1.88634 -0.0642393 0.385548)
(-1.81131 -0.0642142 0.38556)
(-1.73628 -0.0641897 0.385572)
(-1.66125 -0.064169 0.385581)
(-1.58622 -0.0641533 0.385589)
(-1.51119 -0.0641418 0.385594)
(-1.43617 -0.0641328 0.385599)
(-1.36115 -0.0641261 0.385602)
(-1.28613 -0.0641233 0.385603)
(-1.21112 -0.0641285 0.385601)
(-1.13614 -0.064148 0.385591)
(-1.06122 -0.0641934 0.38557)
(-0.986418 -0.0642837 0.385527)
(-0.91189 -0.0644109 0.385467)
(-0.838009 -0.0643622 0.38549)
(-0.76536 -0.0634797 0.385906)
(-0.694133 -0.0615021 0.386812)
(-0.623703 -0.0614993 0.386813)
(-0.556324 -0.0655689 0.38491)
(-0.541619 -0.120985 0.338671)
(-0.531441 -0.148792 0.269002)
(-0.446482 -0.136488 0.187782)
(-0.372983 -0.135441 0.185536)
(-0.298945 -0.135201 0.185033)
(-0.224919 -0.135162 0.184952)
(-0.151021 -0.135164 0.184956)
(-0.0772283 -0.135162 0.184952)
(-0.0034657 -0.135146 0.184919)
(0.0703686 -0.13512 0.184864)
(0.14438 -0.13509 0.184803)
(0.218679 -0.135074 0.184769)
(0.293386 -0.135125 0.184876)
(0.36863 -0.135473 0.185603)
(0.444625 -0.136873 0.188635)
(0.551234 -0.113667 0.347876)
(0.595261 -0.0652404 0.385069)
(0.674932 -0.0672005 0.384105)
(0.752479 -0.0680067 0.383698)
(0.829374 -0.0682523 0.383573)
(0.905663 -0.068202 0.383598)
(0.981553 -0.0679837 0.383709)
(1.05714 -0.0677893 0.383808)
(1.13249 -0.0677015 0.383853)
(1.20765 -0.0676589 0.383874)
(1.28274 -0.0675514 0.383928)
(1.35782 -0.0673284 0.384041)
(1.43295 -0.0670287 0.384191)
(1.50811 -0.0667326 0.384338)
(1.58327 -0.0665029 0.384452)
(1.65841 -0.0663587 0.384523)
(1.7335 -0.0662826 0.384561)
(1.80856 -0.0662443 0.38458)
(1.8836 -0.0662181 0.384593)
(1.95862 -0.0661877 0.384608)
(2.03363 -0.0661493 0.384626)
(2.10863 -0.0661221 0.38464)
(2.18365 -0.0661645 0.384619)
(2.25869 -0.0663387 0.384533)
(2.33371 -0.0666172 0.384395)
(2.40867 -0.0668528 0.384278)
(2.48363 -0.0668954 0.384257)
(2.55864 -0.0667305 0.384339)
(2.6337 -0.0664677 0.38447)
(2.70876 -0.0662275 0.384588)
(2.7838 -0.0660929 0.384654)
(2.85881 -0.0661058 0.384648)
(2.93376 -0.0662337 0.384585)
(3.00869 -0.0663999 0.384503)
(3.08366 -0.0665893 0.384409)
(3.1587 -0.0668674 0.384271)
(3.23377 -0.0672666 0.384072)
(3.30881 -0.0676991 0.383854)
(3.38383 -0.0680076 0.383697)
(3.45886 -0.0680704 0.383665)
(3.53391 -0.067859 0.383773)
(3.60903 -0.0674511 0.383979)
(3.6842 -0.066993 0.384209)
(3.75939 -0.0666197 0.384394)
(3.83454 -0.0663902 0.384508)
(3.90965 -0.0662865 0.384559)
(3.98471 -0.0662558 0.384574)
(4.05975 -0.066249 0.384577)
(4.13475 -0.0662333 0.384585)
(4.20973 -0.0661918 0.384606)
(4.28465 -0.0661215 0.38464)
(4.35946 -0.0660323 0.384684)
(4.43406 -0.0659109 0.384743)
(4.50828 -0.0656547 0.384868)
(4.58192 -0.0650587 0.385157)
(4.65488 -0.0640778 0.385625)
(4.72711 -0.0631242 0.386071)
(4.79842 -0.0632209 0.386026)
(4.86807 -0.0650191 0.385176)
(4.93533 -0.0687531 0.383315)
(4.94204 -0.123984 0.334427)
(4.94591 -0.149421 0.26317)
(4.94715 -0.136539 0.187895)
(4.94739 -0.0890088 0.129263)
(4.94887 -0.0197799 0.10131)
(4.94988 0.0546698 0.110317)
(4.94863 0.115318 0.154074)
(4.94588 0.147116 0.220727)
(4.94406 0.142827 0.295829)
(4.93985 0.0995833 0.362175)
(0.682337 0.0654914 0.384948)
(0.835513 0.0647784 0.385291)
(0.986431 0.0637806 0.385765)
(1.13619 0.0645747 0.385389)
(1.28561 0.064569 0.385391)
(1.43544 0.0634782 0.385906)
(1.5855 0.0630134 0.386122)
(1.73551 0.0630388 0.386111)
(1.88552 0.0631056 0.38608)
(2.03561 0.0631238 0.386071)
(2.18572 0.0632044 0.386034)
(2.33577 0.0635008 0.385896)
(2.48573 0.0635287 0.385883)
(2.63589 0.0632779 0.386)
(2.78617 0.0633022 0.385988)
(2.9364 0.0637729 0.385768)
(3.08647 0.0640448 0.38564)
(3.23671 0.0643152 0.385512)
(3.38665 0.0647794 0.385291)
(3.53643 0.0642652 0.385536)
(3.68646 0.0634529 0.385918)
(3.83658 0.0631299 0.386068)
(3.98665 0.0631132 0.386076)
(4.13671 0.063128 0.386069)
(4.28676 0.0630751 0.386094)
(4.43678 0.0629222 0.386165)
(4.58666 0.0628777 0.386185)
(4.73408 0.0615652 0.386783)
(4.87622 0.068486 0.383453)
(-0.514739 0.139332 0.194443)
(0.560557 0.118187 0.342368)
(-0.364444 0.135213 0.185057)
(-0.21552 0.135081 0.184784)
(-0.0676671 0.135125 0.184876)
(0.0799566 0.13512 0.184864)
(0.228846 0.135024 0.184666)
(0.38009 0.13542 0.185491)
(-4.93578 -0.0636864 0.385809)
(-4.51373 0.0652175 0.38508)
(-4.81833 0.069398 0.382981)
(-4.6642 0.0652089 0.385084)
(-4.36295 0.0645354 0.385407)
(-4.21243 0.0642224 0.385556)
(-4.06224 0.0641091 0.38561)
(-3.91214 0.0640215 0.385651)
(-3.76206 0.0639317 0.385694)
(-3.61197 0.0639017 0.385708)
(-3.46188 0.0639595 0.38568)
(-3.31183 0.0640357 0.385644)
(-3.1618 0.0640613 0.385632)
(-3.01177 0.0640214 0.385651)
(-2.86172 0.0639797 0.385671)
(-2.71167 0.0639102 0.385704)
(-2.56161 0.0638559 0.385729)
(-2.41153 0.0638308 0.385741)
(-2.26146 0.0638225 0.385745)
(-2.11141 0.0638022 0.385754)
(-1.96133 0.0638044 0.385753)
(-1.81127 0.0638268 0.385743)
(-1.66122 0.0638485 0.385733)
(-1.51116 0.0638672 0.385724)
(-1.36107 0.0639153 0.385701)
(-1.21093 0.0639842 0.385669)
(-1.06102 0.0638605 0.385727)
(-0.912514 0.0625894 0.386318)
(-0.764969 0.0635519 0.385872)
(-4.93015 0.042622 0.106183)
(-4.93485 -0.144934 0.288656)
(-4.93349 -0.104311 0.142207)
(-4.93585 0.145327 0.212851)
(-4.93804 0.113324 0.348273)
(0.5235 -0.140826 0.198346)
(-0.51621 -0.139999 0.196146)
(0.560241 -0.147115 0.27928)
(0.530049 0.143169 0.205249)
(0.720406 0.11915 0.341122)
(0.606509 0.14277 0.296009)
(1.09968 0.116442 0.344558)
(0.874787 0.115864 0.345266)
(1.24858 0.117145 0.343686)
(-4.5533 0.117818 0.342838)
(1.39787 0.115409 0.345816)
(1.54779 0.114367 0.347058)
(-0.399749 0.0940235 0.133126)
(1.69766 0.114386 0.347035)
(-0.586773 0.145563 0.213787)
(1.84759 0.11449 0.346912)
(1.62269 0.114349 0.347079)
(1.99764 0.114525 0.346871)
(2.14767 0.114602 0.34678)
(2.29788 0.114955 0.346361)
(2.44767 0.115234 0.346026)
(2.59785 0.114807 0.346536)
(2.74828 0.114677 0.346691)
(2.8987 0.115306 0.34594)
(3.04879 0.11587 0.345258)
(3.19919 0.116012 0.345085)
(3.3493 0.117041 0.343816)
(3.49878 0.116619 0.34434)
(3.64864 0.115232 0.346029)
(3.79868 0.114579 0.346807)
(3.94872 0.114518 0.34688)
(4.09879 0.114546 0.346846)
(4.24883 0.114524 0.346873)
(4.39881 0.114303 0.347133)
(4.54873 0.114142 0.347322)
(4.69755 0.114031 0.347452)
(4.83092 0.106877 0.355248)
(1.47282 0.114673 0.346696)
(0.605463 -0.144123 0.208425)
(-4.40152 0.11673 0.344202)
(-4.78048 0.121036 0.338602)
(-0.248261 0.0933511 0.132588)
(-0.0996275 0.0934739 0.132686)
(0.0482139 0.0935272 0.132728)
(0.197441 0.0934085 0.132634)
(0.351958 0.0936239 0.132805)
(0.512186 0.105754 0.143623)
(-4.6283 0.117654 0.343045)
(1.17406 0.117081 0.343766)
(-4.86294 0.127133 0.329606)
(-4.25027 0.116125 0.344948)
(-4.86797 -0.118127 0.342445)
(-4.02477 0.115909 0.345211)
(-4.47738 0.117245 0.34356)
(-0.58112 -0.145559 0.213769)
(-4.09984 0.115938 0.345176)
(-4.32571 0.116285 0.344751)
(-3.87467 0.115795 0.34535)
(-3.72456 0.115669 0.345502)
(-3.57443 0.115659 0.345514)
(-3.42433 0.115767 0.345383)
(-3.27431 0.11587 0.345258)
(-3.12431 0.115885 0.34524)
(-2.97428 0.115805 0.345337)
(-2.82423 0.115766 0.345384)
(-2.67419 0.115676 0.345494)
(-2.52412 0.11558 0.34561)
(-2.37403 0.115538 0.345661)
(-2.22396 0.115547 0.34565)
(-2.07389 0.115476 0.345735)
(-1.92381 0.115532 0.345669)
(-1.77375 0.11556 0.345634)
(-1.62371 0.115575 0.345616)
(-1.47364 0.11557 0.345622)
(-1.32351 0.115648 0.345527)
(-1.17321 0.115786 0.345361)
(-1.02329 0.115532 0.345669)
(-0.877077 0.113302 0.348299)
(-0.736104 0.117133 0.343701)
(-4.86956 -0.127527 0.171026)
(1.02515 0.115652 0.345523)
(-4.86058 0.00854492 0.100244)
(-4.86516 0.135841 0.186382)
(-4.87003 -0.15 0.249694)
(-4.85922 0.0846697 0.126181)
(-4.70271 0.116866 0.344034)
(1.92255 0.114527 0.346869)
(-4.865 -0.0696172 0.117134)
(0.624952 -0.119233 0.341014)
(0.485055 -0.101136 0.139223)
(-0.493282 -0.0990801 0.137381)
(-4.775 -0.1164 0.34461)
(-4.69665 -0.11508 0.346212)
(-4.62195 -0.115507 0.345698)
(-4.54776 -0.115694 0.345472)
(-4.47345 -0.115643 0.345534)
(-4.399 -0.11561 0.345574)
(-4.32437 -0.115617 0.345565)
(-4.24957 -0.115644 0.345533)
(-4.17463 -0.115673 0.345497)
(-4.09961 -0.115707 0.345456)
(-4.02458 -0.115751 0.345403)
(-3.94954 -0.115805 0.345337)
(-3.87452 -0.11586 0.34527)
(-3.79951 -0.115906 0.345215)
(-3.72451 -0.115932 0.345183)
(-3.64951 -0.115934 0.34518)
(-3.57451 -0.115911 0.345208)
(-3.4995 -0.115866 0.345263)
(-3.42448 -0.115807 0.345335)
(-3.34944 -0.115751 0.345403)
(-3.27438 -0.115713 0.345449)
(-3.19932 -0.115703 0.345461)
(-3.12427 -0.115721 0.34544)
(-3.04924 -0.115758 0.345394)
(-2.97423 -0.115807 0.345334)
(-2.89927 -0.115873 0.345254)
(-2.82435 -0.11599 0.345113)
(-2.74945 -0.116233 0.344815)
(-2.67405 -0.116304 0.344728)
(-2.59867 -0.116331 0.344695)
(-2.52379 -0.116179 0.344881)
(-2.44889 -0.116149 0.344918)
(-2.37395 -0.11616 0.344904)
(-2.29896 -0.116176 0.344885)
(-2.22395 -0.116189 0.344869)
(-2.14893 -0.116196 0.34486)
(-2.07391 -0.116195 0.344861)
(-1.99889 -0.116181 0.344878)
(-1.92387 -0.116155 0.344911)
(-1.84885 -0.116119 0.344954)
(-1.77382 -0.116082 0.345)
(-1.69878 -0.116049 0.34504)
(-1.62375 -0.116024 0.345071)
(-1.54873 -0.116006 0.345093)
(-1.47371 -0.115992 0.345109)
(-1.39869 -0.115981 0.345123)
(-1.32368 -0.115973 0.345132)
(-1.24867 -0.115974 0.345132)
(-1.1737 -0.115991 0.345111)
(-1.09879 -0.116036 0.345056)
(-1.02402 -0.116132 0.344939)
(-0.949467 -0.116328 0.344699)
(-0.875416 -0.116654 0.344296)
(-0.802676 -0.116717 0.344219)
(-0.732851 -0.115004 0.346302)
(-0.666584 -0.111048 0.350839)
(-0.601462 -0.113004 0.348642)
(-0.418113 -0.0950648 0.133971)
(-0.587684 -0.145576 0.286161)
(0.798387 0.117522 0.343213)
(0.64314 0.116314 0.344716)
(-0.342623 -0.0939022 0.133028)
(-0.267722 -0.0936667 0.13284)
(-0.193298 -0.0936331 0.132813)
(-0.119228 -0.0936338 0.132813)
(-0.0453478 -0.0935899 0.132778)
(0.0285618 -0.0935273 0.132728)
(0.102714 -0.0934539 0.13267)
(0.177327 -0.0934049 0.132631)
(0.25264 -0.0934269 0.132648)
(0.32901 -0.0937529 0.132909)
(0.406722 -0.0954477 0.134286)
(4.88477 0.126172 0.331121)
(0.705081 -0.120599 0.339195)
(0.784339 -0.121286 0.338259)
(0.862258 -0.121544 0.337904)
(0.939314 -0.121339 0.338187)
(1.01572 -0.121022 0.338621)
(1.09158 -0.120871 0.338827)
(1.16702 -0.120874 0.338822)
(1.24221 -0.120842 0.338866)
(1.31735 -0.120622 0.339165)
(1.39256 -0.120219 0.339707)
(1.46785 -0.119756 0.340324)
(1.54316 -0.119364 0.340842)
(1.61843 -0.119105 0.341181)
(1.69361 -0.118968 0.34136)
(1.76872 -0.118905 0.341442)
(1.84378 -0.118872 0.341484)
(1.9188 -0.118841 0.341525)
(1.99379 -0.118796 0.341584)
(2.06873 -0.118734 0.341663)
(2.14367 -0.118696 0.341712)
(2.21865 -0.118806 0.34157)
(2.29366 -0.119165 0.341103)
(2.36861 -0.119636 0.340483)
(2.4435 -0.119899 0.340135)
(2.51848 -0.119777 0.340296)
(2.59359 -0.119406 0.340786)
(2.66871 -0.11901 0.341305)
(2.74374 -0.118716 0.341688)
(2.8187 -0.118614 0.341819)
(2.89358 -0.118753 0.34164)
(2.96833 -0.119006 0.34131)
(3.04307 -0.119219 0.341032)
(3.11799 -0.119466 0.340707)
(3.19308 -0.11993 0.340093)
(3.26817 -0.120587 0.339212)
(3.34322 -0.121191 0.33839)
(3.41829 -0.121505 0.337958)
(3.49343 -0.121412 0.338086)
(3.56864 -0.120932 0.338743)
(3.64395 -0.120246 0.339671)
(3.71931 -0.119607 0.340522)
(3.79462 -0.119178 0.341086)
(3.86982 -0.118971 0.341356)
(3.94493 -0.118906 0.34144)
(4.01997 -0.118901 0.341446)
(4.09498 -0.118899 0.341449)
(4.16996 -0.118869 0.341488)
(4.24487 -0.1188 0.341578)
(4.31965 -0.118698 0.341711)
(4.39419 -0.118602 0.341835)
(4.46826 -0.118492 0.341976)
(4.54147 -0.11816 0.342402)
(4.61339 -0.117191 0.343629)
(4.68384 -0.115657 0.345516)
(4.75258 -0.114401 0.347017)
(4.81933 -0.115414 0.34581)
(4.88209 -0.118887 0.341465)
(4.89131 -0.147903 0.274997)
(4.89424 -0.141482 0.200173)
(4.89344 -0.10026 0.13843)
(4.89569 -0.0355657 0.104277)
(4.90003 0.0352834 0.104209)
(4.89823 0.0999879 0.138186)
(4.89227 0.138905 0.193383)
(4.8888 0.149217 0.265305)
(0.602112 0.148706 0.230341)
(1.32306 0.116341 0.344683)
(-0.603341 0.141407 0.300041)
(-0.478402 0.0962885 0.134985)
(1.77256 0.114462 0.346946)
(-0.559645 0.102642 0.140617)
(0.653868 -0.147577 0.276851)
(0.950183 0.11528 0.345971)
(2.07265 0.114547 0.346846)
(2.2228 0.114712 0.34665)
(2.37275 0.11523 0.346032)
(2.52268 0.115046 0.346252)
(2.67307 0.114664 0.346707)
(2.82349 0.114856 0.346479)
(2.97379 0.115729 0.345429)
(3.12393 0.11592 0.345197)
(3.27437 0.116505 0.344481)
(3.42401 0.117019 0.343844)
(3.57366 0.115859 0.345271)
(3.72366 0.114789 0.346558)
(3.87371 0.114509 0.346891)
(4.02374 0.114547 0.346845)
(4.17376 0.114572 0.346815)
(4.32377 0.114443 0.346968)
(4.47367 0.114209 0.347243)
(4.62367 0.114373 0.347051)
(4.76853 0.112072 0.349699)
(-0.323368 0.0934369 0.132656)
(0.564078 -0.10836 0.146278)
(-0.567052 -0.109279 0.147248)
(-0.0257382 0.0935195 0.132722)
(-0.173802 0.0934012 0.132628)
(0.122496 0.0934821 0.132692)
(0.273988 0.093331 0.132572)
(0.432515 0.0956582 0.13446)
(-4.175 0.116059 0.345028)
(-3.94971 0.115812 0.345328)
(-3.79961 0.115719 0.345442)
(-3.6495 0.115685 0.345483)
(-3.49938 0.115749 0.345406)
(-3.34931 0.115872 0.345255)
(-3.19931 0.115933 0.345182)
(-3.0493 0.115892 0.345232)
(-2.89926 0.115821 0.345318)
(-2.74921 0.1157 0.345465)
(-2.59916 0.115649 0.345527)
(-2.44908 0.115523 0.345679)
(-2.29899 0.115502 0.345705)
(-2.14893 0.115509 0.345695)
(-1.99885 0.115466 0.345747)
(-1.84879 0.115497 0.34571)
(-1.69873 0.115545 0.345652)
(-1.54868 0.115595 0.345591)
(-1.39858 0.115657 0.345517)
(-1.24839 0.115707 0.345456)
(-1.09811 0.115764 0.345387)
(-0.949346 0.114814 0.346528)
(-0.806735 0.111604 0.350222)
(-0.669076 0.129221 0.326171)
(-4.8787 0.149898 0.255517)
(0.588319 0.12205 0.162801)
(2.55951 0.144932 0.288662)
(2.40943 0.145243 0.287477)
(-0.51671 0.0342006 0.103951)
(1.13764 0.14627 0.283241)
(0.677964 0.148481 0.27129)
(1.28638 0.146257 0.283301)
(-4.7368 0.144775 0.289245)
(-4.13748 0.145619 0.285986)
(-4.80131 -0.101077 0.139169)
(-2.56167 0.145366 0.286996)
(2.18454 0.144731 0.289409)
(2.10945 0.144721 0.289443)
(2.71016 0.144741 0.289369)
(2.33464 0.145119 0.287955)
(-0.0571196 0.0333425 0.103753)
(2.4843 0.14514 0.287873)
(2.03447 0.144698 0.289529)
(2.63489 0.144782 0.289221)
(0.402107 0.0335152 0.103792)
(-4.80363 0.149908 0.25526)
(2.93604 0.145374 0.286966)
(3.08608 0.145567 0.286197)
(3.23696 0.145724 0.285561)
(3.38674 0.146437 0.282498)
(3.53608 0.145811 0.285201)
(3.68584 0.144933 0.288658)
(3.8357 0.144669 0.289636)
(3.98554 0.144705 0.289503)
(4.13563 0.14472 0.289449)
(4.2857 0.144681 0.28959)
(4.43543 0.144508 0.290219)
(4.58503 0.144405 0.290587)
(1.43546 0.144892 0.288812)
(-0.356418 0.0331983 0.10372)
(0.642665 -0.112069 0.150297)
(4.81751 0.142206 0.297722)
(-0.13111 0.0332514 0.103732)
(0.493557 0.0343704 0.103991)
(-0.205416 0.0331369 0.103706)
(-0.840775 0.143435 0.293891)
(-2.86177 0.145482 0.286539)
(0.0910168 0.0334243 0.103771)
(0.241966 0.0333436 0.103753)
(1.21203 0.146543 0.282018)
(2.86071 0.144986 0.288459)
(-0.54658 -0.0419064 0.105973)
(-4.51767 0.146523 0.282109)
(-4.36414 0.145828 0.285131)
(0.84012 0.145769 0.285375)
(-1.13524 0.145482 0.286539)
(-3.83717 0.145446 0.286681)
(-3.98728 0.14553 0.286345)
(-3.68704 0.145419 0.286789)
(-3.53689 0.145444 0.286687)
(-3.3868 0.145518 0.286393)
(-3.23681 0.145564 0.286209)
(-3.08681 0.14556 0.286225)
(-2.93679 0.145504 0.286451)
(0.320028 0.0333362 0.103751)
(-2.71174 0.145436 0.286722)
(-2.63671 0.145405 0.286841)
(-2.41157 0.145317 0.287187)
(-2.26149 0.145329 0.287143)
(-2.11141 0.145303 0.287244)
(-1.96133 0.145324 0.287161)
(-1.81127 0.14532 0.287178)
(-1.66122 0.145363 0.287008)
(-1.51117 0.145348 0.287069)
(-1.36103 0.145414 0.286808)
(0.575754 0.0663803 0.115487)
(-3.91224 0.145506 0.286443)
(-0.984604 0.145307 0.287227)
(-0.910891 0.144737 0.289387)
(0.989412 0.145102 0.288017)
(-4.21273 0.145636 0.285919)
(-0.388025 -0.0340667 0.10392)
(-4.80337 -0.146653 0.28151)
(0.762742 0.146967 0.280009)
(-0.280399 0.0331037 0.103698)
(-4.6566 -0.145231 0.287523)
(-4.5837 -0.14548 0.286545)
(-4.50979 -0.145408 0.286829)
(-4.43572 -0.145385 0.286922)
(-4.36145 -0.145391 0.286898)
(-4.2869 -0.145403 0.286851)
(-4.2121 -0.145414 0.286807)
(-4.13713 -0.145427 0.286756)
(-4.06209 -0.145448 0.286673)
(-3.98704 -0.145478 0.286552)
(-3.91201 -0.145514 0.28641)
(-3.83699 -0.145547 0.286278)
(-3.76199 -0.145571 0.286183)
(-3.687 -0.145581 0.286142)
(-3.61202 -0.145576 0.286163)
(-3.53702 -0.145555 0.286246)
(-3.46202 -0.145521 0.28638)
(-3.38699 -0.145483 0.286534)
(-3.31194 -0.14545 0.286664)
(-3.23686 -0.145434 0.28673)
(-3.16179 -0.145436 0.286718)
(-3.08673 -0.145455 0.286643)
(-3.01171 -0.145483 0.286535)
(-2.93672 -0.145512 0.286416)
(-2.86175 -0.145546 0.286281)
(-2.78676 -0.145591 0.2861)
(-2.71164 -0.145628 0.285952)
(-2.63646 -0.145658 0.285831)
(-2.56136 -0.145679 0.285745)
(-2.48639 -0.145687 0.28571)
(-2.41144 -0.145701 0.285653)
(-2.33647 -0.145713 0.285605)
(-2.26146 -0.145721 0.285571)
(-2.18644 -0.145728 0.285544)
(-2.11143 -0.145732 0.285529)
(-2.03642 -0.145728 0.285543)
(-1.9614 -0.145716 0.285594)
(-1.88638 -0.145696 0.285675)
(-1.81135 -0.145673 0.285768)
(-1.73631 -0.145651 0.285856)
(-1.66128 -0.145634 0.285926)
(-1.58625 -0.145623 0.285972)
(-1.51124 -0.145615 0.286002)
(-1.43623 -0.145609 0.286029)
(-1.36122 -0.145602 0.286054)
(-1.28621 -0.145598 0.28607)
(-1.21122 -0.145602 0.286058)
(-1.13629 -0.145616 0.285998)
(-1.06149 -0.145647 0.285876)
(-0.986869 -0.145704 0.285643)
(-0.912421 -0.145841 0.285079)
(-0.838118 -0.146175 0.283658)
(-0.764931 -0.146469 0.282353)
(-0.697372 -0.144717 0.28946)
(-0.63972 -0.139612 0.30485)
(-0.466045 -0.0357145 0.104314)
(0.525029 -0.048883 0.108189)
(-0.311724 -0.0336989 0.103834)
(-0.236604 -0.0336134 0.103815)
(-0.16198 -0.0335927 0.10381)
(-0.0880509 -0.0335126 0.103792)
(-0.0141312 -0.0334225 0.103771)
(0.0599117 -0.0333382 0.103752)
(0.1345 -0.0332778 0.103738)
(0.209891 -0.0333014 0.103743)
(0.286362 -0.0333499 0.103754)
(0.737545 -0.147974 0.274569)
(0.661783 0.135932 0.186577)
(3.31199 0.146151 0.283761)
(0.817061 -0.148317 0.272405)
(0.895548 -0.148325 0.272352)
(0.973125 -0.148153 0.273469)
(1.04986 -0.148036 0.274196)
(1.1258 -0.148049 0.274113)
(1.20123 -0.148101 0.273795)
(1.27649 -0.148069 0.273994)
(1.35182 -0.14791 0.274955)
(1.4273 -0.147668 0.276348)
(1.50285 -0.147427 0.277664)
(1.57834 -0.147253 0.278577)
(1.65367 -0.147157 0.279066)
(1.72887 -0.147115 0.279279)
(1.80397 -0.147097 0.279367)
(1.87903 -0.147086 0.279425)
(1.95403 -0.14707 0.279501)
(2.02895 -0.147044 0.279634)
(2.10377 -0.147002 0.27984)
(2.17853 -0.146971 0.279994)
(2.2534 -0.147068 0.279511)
(2.32835 -0.147352 0.27806)
(2.40317 -0.147631 0.276556)
(2.47809 -0.147671 0.276332)
(2.55336 -0.147489 0.27733)
(2.62869 -0.147257 0.278552)
(2.70379 -0.147067 0.279519)
(2.77862 -0.146932 0.280184)
(2.85336 -0.146931 0.280185)
(2.92796 -0.147098 0.279365)
(3.00225 -0.147249 0.278595)
(3.07674 -0.147296 0.278355)
(3.15173 -0.14742 0.277704)
(3.22683 -0.147736 0.275966)
(3.30187 -0.148097 0.273816)
(3.37704 -0.148339 0.272262)
(3.45242 -0.148411 0.271776)
(3.52788 -0.148286 0.272609)
(3.60345 -0.147979 0.274542)
(3.67911 -0.147604 0.276701)
(3.75468 -0.147313 0.278264)
(3.83002 -0.14716 0.279049)
(3.90517 -0.147108 0.279313)
(3.98023 -0.147103 0.279336)
(4.05526 -0.147109 0.279307)
(4.13028 -0.147105 0.279328)
(4.20526 -0.147083 0.279436)
(4.28011 -0.14704 0.27965)
(4.35471 -0.146981 0.279944)
(4.42896 -0.146959 0.280049)
(4.50246 -0.146962 0.280035)
(4.5746 -0.146821 0.280716)
(4.64443 -0.146097 0.283994)
(4.71193 -0.144991 0.28844)
(4.77596 -0.144054 0.291816)
(4.83623 -0.145464 0.286607)
(4.84247 -0.1457 0.21434)
(4.83769 -0.1116 0.149773)
(4.84006 -0.0502178 0.108656)
(4.8456 0.01948 0.10127)
(4.85473 0.0774913 0.121567)
(1.36068 0.145528 0.286355)
(-0.639084 -0.125405 0.167698)
(-4.72858 -0.144484 0.290305)
(-4.80909 -0.142486 0.203121)
(1.0636 0.145653 0.285849)
(-0.657958 0.149662 0.239933)
(-0.434427 0.0336063 0.103813)
(-4.06235 0.145556 0.286241)
(-4.44056 0.146098 0.283993)
(-4.59445 0.146821 0.28072)
(-1.21066 0.145439 0.286706)
(4.73719 0.144611 0.289845)
(-0.64041 0.118339 0.157826)
(3.76078 0.144724 0.289431)
(0.915074 0.145092 0.288057)
(-0.610034 0.0344959 0.10402)
(0.68965 -0.143739 0.207115)
(1.73445 0.144633 0.289765)
(1.58485 0.144545 0.290085)
(2.78535 0.144804 0.289139)
(2.25965 0.144866 0.288908)
(0.0168044 0.0334104 0.103768)
(3.16151 0.145511 0.286423)
(3.01106 0.145659 0.285826)
(0.646797 0.087189 0.127942)
(3.46137 0.146237 0.28339)
(3.61092 0.145308 0.287223)
(-4.78675 0.122268 0.163106)
(3.91066 0.14467 0.289631)
(4.06062 0.144705 0.289502)
(4.21065 0.144721 0.289445)
(4.36068 0.144586 0.289935)
(4.51019 0.144441 0.290459)
(-0.624068 -0.0615086 0.113191)
(4.66151 0.144986 0.28846)
(-0.778627 0.140916 0.301406)
(0.165863 0.0333834 0.103762)
(-4.79348 -0.0296613 0.102962)
(1.88438 0.144679 0.289599)
(0.602527 -0.0576977 0.111541)
(-4.66893 0.146498 0.282225)
(-4.28822 0.145684 0.285724)
(-3.7621 0.145448 0.286672)
(-3.61196 0.145397 0.286874)
(-3.46184 0.145456 0.286642)
(-3.31179 0.145536 0.286321)
(-3.16181 0.145562 0.286217)
(-3.0118 0.145515 0.286407)
(-2.78674 0.145472 0.286577)
(-2.18646 0.145333 0.287126)
(-2.33652 0.145323 0.287164)
(-2.48663 0.145359 0.287022)
(-2.03637 0.145288 0.287302)
(-1.88629 0.145325 0.287158)
(-1.73623 0.145358 0.287029)
(-1.58621 0.145363 0.28701)
(-1.43612 0.145382 0.286934)
(-1.28589 0.145419 0.286786)
(-1.05974 0.145483 0.286534)
(0.446628 -0.0366273 0.104541)
(1.95934 0.1447 0.289521)
(0.365132 -0.03384 0.103867)
(4.83021 0.125133 0.167285)
(4.84045 0.148839 0.231371)
(-0.644464 -0.149663 0.23995)
(1.80932 0.144671 0.289626)
(-0.722829 0.148438 0.271594)
(1.5102 0.144585 0.289939)
(1.65963 0.144582 0.289951)
(-4.78617 0.0546314 0.110302)
(-0.696919 -0.0905915 0.130446)
(3.72296 0.147807 0.224445)
(4.24738 0.147814 0.224487)
(2.74699 0.147787 0.224328)
(3.6483 0.147511 0.22279)
(-1.32349 0.147098 0.220639)
(4.54545 0.148072 0.226028)
(-4.72305 0.146406 0.217364)
(3.19943 0.147089 0.220593)
(3.04822 0.146539 0.217964)
(0.71717 0.104714 0.142599)
(0.882384 0.147367 0.222016)
(3.57358 0.146925 0.219784)
(3.42444 0.145393 0.21311)
(3.49905 0.146074 0.215907)
(3.8723 0.147873 0.224828)
(-2.74925 0.147022 0.22026)
(4.022 0.147824 0.224545)
(2.29605 0.147557 0.223039)
(4.39707 0.148008 0.225635)
(4.47169 0.148038 0.225818)
(-4.09994 0.14686 0.219469)
(-3.04931 0.146935 0.219833)
(-1.69872 0.147135 0.220825)
(2.14608 0.147824 0.224543)
(3.12359 0.147071 0.2205)
(2.97319 0.146693 0.218677)
(-2.14894 0.147207 0.221188)
(0.568271 0.00184908 0.100011)
(2.8978 0.147381 0.222091)
(0.735448 0.143685 0.206934)
(-1.3986 0.147092 0.220609)
(-4.72954 -0.0713026 0.118031)
(2.07091 0.147813 0.224478)
(1.54705 0.148013 0.225665)
(-0.696413 0.0726501 0.118768)
(2.82214 0.147741 0.224067)
(-2.44911 0.147166 0.220981)
(-3.72459 0.147054 0.220416)
(-3.57444 0.147085 0.220573)
(-3.42431 0.147005 0.220174)
(-3.27429 0.146887 0.2196)
(-3.12433 0.146911 0.219716)
(1.47317 0.147985 0.225495)
(-2.59922 0.147101 0.22065)
(-2.22398 0.147168 0.220991)
(1.17587 0.145084 0.211913)
(-2.52419 0.147134 0.220819)
(-2.29901 0.147178 0.221042)
(-2.37406 0.14718 0.221052)
(-1.0202 0.147013 0.220215)
(-1.99886 0.147199 0.221149)
(-1.84877 0.147164 0.220968)
(-1.77374 0.147172 0.221012)
(-1.54871 0.147148 0.220887)
(-1.47368 0.14713 0.220796)
(-0.791181 0.14944 0.237047)
(-3.94979 0.146953 0.21992)
(-1.09681 0.147014 0.220221)
(1.3248 0.14627 0.216757)
(0.80994 0.146191 0.216411)
(-4.62024 -0.146786 0.219115)
(-4.54596 -0.147146 0.220878)
(-4.47212 -0.147149 0.220892)
(-4.3983 -0.147104 0.220665)
(-4.32411 -0.14708 0.220547)
(-4.24952 -0.147073 0.220512)
(-4.17465 -0.147069 0.220493)
(-4.09963 -0.147056 0.220427)
(-4.02457 -0.147027 0.220283)
(-3.94952 -0.146985 0.220079)
(-3.87449 -0.146941 0.219862)
(-3.79948 -0.146904 0.219682)
(-3.72449 -0.146881 0.219572)
(-3.64951 -0.146876 0.219547)
(-3.57452 -0.14689 0.219612)
(-3.49954 -0.146922 0.21977)
(-3.42454 -0.146969 0.219997)
(-3.34949 -0.147016 0.220231)
(-3.27442 -0.14705 0.220398)
(-3.19933 -0.14706 0.220446)
(-3.12424 -0.147045 0.220373)
(-3.0492 -0.147015 0.220224)
(-2.97419 -0.146981 0.220059)
(-2.8992 -0.146952 0.219914)
(-2.8242 -0.146926 0.219789)
(-2.74916 -0.146901 0.219668)
(-2.67406 -0.14687 0.219519)
(-2.59897 -0.14683 0.219323)
(-2.52393 -0.146786 0.219114)
(-2.44895 -0.14675 0.218945)
(-2.37397 -0.146728 0.218841)
(-2.29898 -0.146717 0.218789)
(-2.22396 -0.146708 0.218747)
(-2.14894 -0.146698 0.218702)
(-2.07394 -0.146696 0.218688)
(-1.99893 -0.146706 0.218736)
(-1.92391 -0.146727 0.218838)
(-1.84888 -0.146755 0.21897)
(-1.77384 -0.146785 0.219108)
(-1.6988 -0.146809 0.219227)
(-1.62377 -0.146825 0.219302)
(-1.54876 -0.146833 0.21934)
(-1.47376 -0.146839 0.219369)
(-1.39875 -0.146847 0.219405)
(-1.32374 -0.146855 0.219445)
(-1.24873 -0.146859 0.219466)
(-1.17375 -0.146852 0.219432)
(-1.09887 -0.146832 0.219335)
(-1.02422 -0.146807 0.219217)
(-0.949879 -0.146786 0.219115)
(-0.875449 -0.146662 0.218531)
(-0.799065 -0.145778 0.214663)
(3.34936 0.145445 0.213316)
(4.69968 0.145677 0.214246)
(0.770942 -0.142096 0.201951)
(0.849812 -0.141137 0.199204)
(0.928885 -0.141873 0.201297)
(1.00694 -0.142627 0.20355)
(1.08378 -0.142695 0.20376)
(1.15957 -0.142325 0.202634)
(1.23504 -0.142103 0.201972)
(1.31064 -0.142397 0.202851)
(1.38645 -0.143098 0.205022)
(1.46242 -0.143851 0.207493)
(1.53828 -0.144386 0.209347)
(1.61386 -0.144664 0.210348)
(1.68919 -0.14478 0.210773)
(1.76437 -0.144822 0.210927)
(1.83948 -0.144841 0.211)
(1.91454 -0.144859 0.211064)
(1.98951 -0.144886 0.211165)
(2.06434 -0.144946 0.211392)
(2.13889 -0.145062 0.211827)
(2.21316 -0.145197 0.212344)
(2.2878 -0.144839 0.21099)
(2.36254 -0.143812 0.20736)
(2.43725 -0.143151 0.205191)
(2.51292 -0.143598 0.206646)
(2.58889 -0.14428 0.208973)
(2.66434 -0.14473 0.21059)
(2.73915 -0.145049 0.211778)
(2.81336 -0.145322 0.212832)
(2.88768 -0.145152 0.212171)
(2.9617 -0.144478 0.209674)
(3.03507 -0.14433 0.209148)
(3.10959 -0.144563 0.209979)
(3.18461 -0.144062 0.208214)
(3.25934 -0.142861 0.204276)
(3.33449 -0.14175 0.200941)
(3.41026 -0.141114 0.19914)
(3.48647 -0.141066 0.199007)
(3.56264 -0.141892 0.201351)
(3.63891 -0.143198 0.205343)
(3.71501 -0.144185 0.20864)
(3.79055 -0.144646 0.210283)
(3.86573 -0.144805 0.210865)
(3.94075 -0.144827 0.210948)
(4.01576 -0.144808 0.210876)
(4.09082 -0.1448 0.210848)
(4.16594 -0.144822 0.21093)
(4.24098 -0.144874 0.211123)
(4.31576 -0.144973 0.211494)
(4.39005 -0.145135 0.212108)
(4.46409 -0.145047 0.211773)
(4.53709 -0.144849 0.211028)
(4.60897 -0.144972 0.211488)
(4.67654 -0.146969 0.219999)
(4.7413 -0.148237 0.227073)
(4.79611 -0.149257 0.235089)
(4.78201 -0.065824 0.115214)
(4.78849 0.00645215 0.100139)
(4.79934 0.0747666 0.119962)
(1.39877 0.147487 0.22266)
(3.79756 0.147876 0.224847)
(-4.64168 0.144407 0.209423)
(-4.48074 0.146029 0.215714)
(-4.17512 0.146847 0.219409)
(-0.867135 0.148109 0.226255)
(-2.89929 0.146988 0.22009)
(-4.56004 0.145236 0.212498)
(-1.1727 0.147033 0.220314)
(4.17226 0.147816 0.224495)
(-4.25049 0.146834 0.219345)
(3.27466 0.14634 0.217065)
(-3.79967 0.147041 0.220354)
(-0.943363 0.147256 0.221442)
(-0.726315 0.134801 0.184207)
(2.22093 0.147819 0.224513)
(-4.32626 0.146772 0.219051)
(1.25076 0.145158 0.212196)
(0.672468 -0.0613134 0.113103)
(-3.19932 0.146904 0.219679)
(-2.82428 0.147026 0.220278)
(-0.688622 -0.00999569 0.100333)
(0.722556 -0.106491 0.144361)
(-1.62372 0.147115 0.220725)
(1.028 0.147273 0.221528)
(-3.87472 0.14702 0.22025)
(2.59648 0.147762 0.224187)
(2.52084 0.147518 0.222823)
(2.44543 0.14716 0.220949)
(-4.70034 0.101293 0.139367)
(2.67178 0.147795 0.224377)
(2.37075 0.147121 0.22075)
(0.702415 0.0468971 0.10752)
(-2.67426 0.147076 0.220525)
(1.92073 0.147838 0.224627)
(4.75644 0.120232 0.16031)
(3.94702 0.147836 0.224615)
(4.09708 0.147814 0.224487)
(4.32235 0.147862 0.224765)
(4.77721 0.148221 0.226969)
(-2.07389 0.147208 0.221193)
(0.643263 0.0094233 0.100296)
(-1.24819 0.147055 0.220423)
(0.954712 0.147714 0.223914)
(4.6187 0.14826 0.227217)
(-4.69103 -0.147445 0.222434)
(-4.71952 0.0123203 0.100507)
(-4.02486 0.14693 0.219807)
(1.62129 0.147957 0.225331)
(-3.6495 0.147083 0.220563)
(-3.49935 0.147028 0.220289)
(-3.34927 0.14694 0.219855)
(1.77077 0.147868 0.224798)
(-1.92381 0.147184 0.221073)
(-0.715613 -0.143401 0.205999)
(-2.9743 0.146949 0.219898)
(1.99581 0.147832 0.224588)
(-4.75464 -0.14901 0.232791)
(1.1014 0.146065 0.215868)
(-4.4029 0.146535 0.217946)
(1.84571 0.147851 0.2247)
(-4.74035 -0.127282 0.170631)
(1.69597 0.14791 0.225048)
(4.64287 0.127935 0.171688)
(3.46354 0.112488 0.15077)
(-3.91227 0.119236 0.15899)
(0.801463 -0.0970735 0.135646)
(-3.23679 0.118767 0.158378)
(4.35913 0.12327 0.164533)
(0.768589 0.0517228 0.1092)
(4.73924 0.0607334 0.112845)
(-3.31178 0.118901 0.158553)
(-4.06239 0.118795 0.158416)
(3.08684 0.11792 0.157291)
(-2.71177 0.119423 0.159235)
(3.61169 0.120806 0.161085)
(3.9829 0.12299 0.164132)
(-0.767032 -0.112736 0.151053)
(-3.68705 0.119639 0.159521)
(-0.769115 0.0919862 0.131516)
(-4.44168 0.11733 0.156546)
(-2.18647 0.120043 0.160057)
(0.738914 -0.026895 0.102431)
(2.33162 0.12015 0.160201)
(3.0099 0.114555 0.153164)
(-0.97907 0.119469 0.159296)
(-1.36109 0.119668 0.159559)
(-3.76213 0.119509 0.159349)
(4.13317 0.122903 0.164007)
(-2.93679 0.119149 0.158876)
(-2.03639 0.120088 0.160117)
(-3.53692 0.11956 0.159416)
(-2.56172 0.119701 0.159603)
(1.50963 0.124167 0.165843)
(-1.81124 0.119993 0.159991)
(-3.01181 0.119084 0.158791)
(-2.26151 0.120023 0.16003)
(-2.33654 0.120032 0.160043)
(-2.41159 0.120016 0.160021)
(-3.98735 0.119065 0.158767)
(-4.60453 0.11017 0.148203)
(1.3644 0.119369 0.159165)
(-1.58622 0.119786 0.159715)
(-1.21052 0.119531 0.159378)
(-4.58171 -0.1209 0.161213)
(-4.50824 -0.120473 0.160633)
(-4.43507 -0.119827 0.159769)
(-4.36131 -0.119568 0.159427)
(-4.28695 -0.119526 0.159371)
(-4.21218 -0.119553 0.159408)
(-4.13719 -0.119558 0.159413)
(-4.06213 -0.119483 0.159314)
(-3.98706 -0.119332 0.159116)
(-3.91201 -0.119139 0.158863)
(-3.83699 -0.118956 0.158625)
(-3.76198 -0.118824 0.158453)
(-3.68699 -0.118762 0.158372)
(-3.612 -0.118768 0.158381)
(-3.53702 -0.118845 0.15848)
(-3.46205 -0.119012 0.158698)
(-3.38703 -0.119229 0.158981)
(-3.31197 -0.119425 0.159238)
(-3.23688 -0.119534 0.159383)
(-3.16178 -0.119519 0.159363)
(-3.0867 -0.119412 0.159221)
(-3.01167 -0.119266 0.15903)
(-2.93667 -0.119133 0.158856)
(-2.86169 -0.11905 0.158746)
(-2.78668 -0.118991 0.15867)
(-2.71163 -0.118914 0.158569)
(-2.63656 -0.118773 0.158387)
(-2.5615 -0.118568 0.158122)
(-2.48648 -0.118359 0.157853)
(-2.41149 -0.118219 0.157674)
(-2.3365 -0.118173 0.157615)
(-2.26148 -0.118152 0.157587)
(-2.18646 -0.118099 0.157519)
(-2.11145 -0.118052 0.157459)
(-2.03645 -0.118064 0.157474)
(-1.96143 -0.118138 0.15757)
(-1.88639 -0.118241 0.157701)
(-1.81135 -0.118356 0.157849)
(-1.73631 -0.118479 0.158007)
(-1.66127 -0.118559 0.158111)
(-1.58626 -0.118586 0.158145)
(-1.51127 -0.118596 0.158157)
(-1.43628 -0.118616 0.158183)
(-1.36128 -0.118652 0.15823)
(-1.28624 -0.118694 0.158285)
(-1.2112 -0.11871 0.158306)
(-1.13616 -0.11866 0.158241)
(-1.06129 -0.118585 0.158143)
(-0.986886 -0.118621 0.15819)
(-0.913513 -0.11907 0.158773)
(-0.841288 -0.119621 0.159497)
(3.38758 0.110952 0.149056)
(0.992459 0.123766 0.165253)
(-1.66122 0.119756 0.159676)
(-1.88629 0.119991 0.159987)
(4.28396 0.12287 0.163959)
(0.785478 0.114532 0.153137)
(0.883119 -0.0987139 0.137059)
(0.963085 -0.104239 0.142138)
(1.04115 -0.106129 0.143997)
(1.11728 -0.104269 0.142167)
(1.19268 -0.102008 0.140026)
(1.26898 -0.101811 0.139844)
(1.34549 -0.103955 0.141864)
(1.42224 -0.107348 0.145232)
(1.49881 -0.110098 0.148125)
(1.57472 -0.111494 0.149655)
(1.65017 -0.112053 0.15028)
(1.7254 -0.112243 0.150493)
(1.80059 -0.112314 0.150574)
(1.87575 -0.112374 0.150641)
(1.95082 -0.112398 0.150669)
(2.02582 -0.112489 0.150772)
(2.1006 -0.112747 0.151065)
(2.1747 -0.113367 0.151776)
(2.24734 -0.114741 0.153384)
(2.32129 -0.111477 0.149636)
(2.39518 -0.104512 0.142403)
(2.47202 -0.105533 0.143404)
(2.54982 -0.109566 0.147553)
(2.626 -0.111467 0.149626)
(2.70118 -0.112526 0.150814)
(2.77533 -0.113533 0.151968)
(2.84783 -0.115295 0.154047)
(2.92138 -0.112794 0.151118)
(2.99424 -0.107487 0.145374)
(3.0672 -0.111443 0.149598)
(3.14203 -0.112768 0.151089)
(3.21528 -0.107811 0.145708)
(3.28992 -0.102693 0.140665)
(3.36603 -0.099524 0.137773)
(3.44338 -0.0981528 0.136571)
(3.52147 -0.098202 0.136614)
(3.59909 -0.103501 0.141429)
(3.67654 -0.109134 0.147094)
(3.75224 -0.1114 0.149551)
(3.82722 -0.11217 0.150412)
(3.90206 -0.112326 0.150587)
(3.97693 -0.11224 0.15049)
(4.05196 -0.112162 0.150402)
(4.12723 -0.112226 0.150474)
(4.20261 -0.11234 0.150604)
(4.27788 -0.112518 0.150804)
(4.35259 -0.112936 0.151281)
(4.42589 -0.114229 0.15278)
(4.49994 -0.112194 0.150439)
(4.5718 -0.111147 0.149271)
(4.65073 -0.109333 0.147305)
(4.71403 -0.127516 0.171008)
(4.77893 -0.125532 0.167892)
(4.72852 -0.0118103 0.100466)
(1.43777 0.124437 0.166242)
(-4.1375 0.118714 0.158311)
(3.90814 0.123076 0.164255)
(0.921635 0.122778 0.163829)
(-0.817339 0.127159 0.170435)
(1.21599 0.109141 0.147101)
(-4.52105 0.114903 0.153578)
(-1.96135 0.120122 0.160163)
(4.20856 0.122897 0.163999)
(-1.05781 0.119426 0.15924)
(-1.4362 0.119768 0.159691)
(-4.21271 0.11872 0.158319)
(-1.73624 0.119876 0.159835)
(-1.51123 0.119848 0.159798)
(-2.48667 0.119942 0.159923)
(-0.898052 0.120508 0.160682)
(-1.28594 0.119661 0.159549)
(4.57772 0.123649 0.165082)
(-3.08682 0.118976 0.158651)
(1.29228 0.11125 0.149384)
(-3.16182 0.118884 0.158531)
(-3.38679 0.119183 0.158921)
(2.10726 0.122874 0.163966)
(2.93429 0.118896 0.158546)
(-2.78678 0.119411 0.15922)
(-4.28821 0.118724 0.158323)
(2.55797 0.122784 0.163837)
(4.43305 0.124644 0.16655)
(4.05792 0.122913 0.164021)
(3.68576 0.122942 0.164063)
(2.70847 0.122854 0.163937)
(4.50724 0.123337 0.164631)
(2.48179 0.120685 0.16092)
(2.63329 0.122965 0.164095)
(-3.8372 0.119359 0.159152)
(3.16157 0.121874 0.162555)
(3.53754 0.116751 0.155824)
(-0.755942 -0.0468839 0.107515)
(-2.63676 0.119623 0.1595)
(2.40549 0.117548 0.156821)
(-4.6404 0.0440655 0.106619)
(-2.86178 0.119303 0.159078)
(-4.66318 -0.113398 0.151812)
(-2.11143 0.120178 0.160238)
(-3.46184 0.119331 0.159115)
(-3.61197 0.119579 0.159441)
(4.69125 0.10304 0.140992)
(3.75949 0.123288 0.164559)
(2.78362 0.122706 0.163725)
(3.23705 0.119034 0.158726)
(-1.13456 0.119437 0.159254)
(2.03188 0.12297 0.164103)
(1.95665 0.123003 0.164149)
(0.855307 0.119193 0.158934)
(3.83362 0.123249 0.164503)
(1.06423 0.117232 0.156424)
(-0.762881 0.0281034 0.102656)
(1.73155 0.123178 0.164401)
(1.5827 0.123675 0.165121)
(4.72044 -0.0811377 0.123839)
(-4.66135 -0.0372471 0.104698)
(1.13881 0.110388 0.14844)
(1.88153 0.123031 0.164189)
(1.80655 0.123093 0.164279)
(3.31075 0.112109 0.150343)
(2.25638 0.123394 0.164712)
(2.18229 0.122822 0.163891)
(-4.36445 0.118293 0.157768)
(2.85808 0.122927 0.164041)
(-0.845974 0.0657381 0.115172)
(-3.19929 0.0660416 0.115321)
(2.52053 0.0749072 0.120043)
(2.66971 0.0743089 0.1197)
(-2.14897 0.0686255 0.116619)
(2.59488 0.0749556 0.120071)
(-4.02483 0.06625 0.115423)
(-3.2743 0.0660603 0.11533)
(0.834376 -0.0140549 0.10066)
(-4.55818 0.0575908 0.111496)
(4.09349 0.0742095 0.119643)
(3.65062 0.075059 0.12013)
(-2.52417 0.0679379 0.116267)
(4.01822 0.0743726 0.119736)
(2.36055 0.0492794 0.108326)
(-1.32362 0.0677239 0.116159)
(-3.57446 0.0674905 0.116041)
(-0.937447 0.0673172 0.115954)
(-3.42435 0.0669944 0.115792)
(-1.99887 0.0684984 0.116553)
(3.13029 0.0701483 0.117413)
(-3.79963 0.0673209 0.115956)
(-3.87471 0.067059 0.115824)
(2.44357 0.0646822 0.114663)
(-2.89926 0.0669297 0.11576)
(-2.67427 0.0673763 0.115983)
(4.66575 -0.0357368 0.104319)
(-2.59923 0.0676428 0.116118)
(3.05313 0.056419 0.111015)
(-2.224 0.0683915 0.116499)
(-2.29902 0.0683937 0.1165)
(-2.37405 0.0684117 0.116509)
(-3.94979 0.0667298 0.11566)
(-4.60897 -0.0755063 0.12039)
(-2.07393 0.0686181 0.116615)
(1.65685 0.123428 0.164761)
(3.42955 0.0487087 0.108129)
(2.96443 0.0457551 0.107149)
(-4.47229 -0.0686839 0.116649)
(-4.3989 -0.0675195 0.116056)
(-4.32459 -0.067347 0.115969)
(-4.24976 -0.0673855 0.115988)
(-4.17478 -0.0675303 0.116061)
(-4.09973 -0.0674992 0.116045)
(-4.02465 -0.0672866 0.115938)
(-3.94957 -0.0669452 0.115768)
(-3.87453 -0.0665322 0.115562)
(-3.79952 -0.0662363 0.115416)
(-3.7245 -0.0660297 0.115315)
(-3.64949 -0.0660021 0.115301)
(-3.57448 -0.066027 0.115314)
(-3.4995 -0.0661886 0.115393)
(-3.42452 -0.0666372 0.115614)
(-3.34948 -0.0670339 0.115812)
(-3.27441 -0.0674147 0.116003)
(-3.19931 -0.0675043 0.116048)
(-3.12423 -0.0673475 0.115969)
(-3.04918 -0.0670864 0.115838)
(-2.97416 -0.0667927 0.115692)
(-2.89918 -0.0665623 0.115577)
(-2.82422 -0.0665226 0.115558)
(-2.74919 -0.0664124 0.115503)
(-2.67414 -0.0662976 0.115447)
(-2.59908 -0.065924 0.115263)
(-2.52404 -0.0654956 0.115054)
(-2.44902 -0.0650879 0.114857)
(-2.37402 -0.0649596 0.114796)
(-2.299 -0.0650207 0.114825)
(-2.22398 -0.0649346 0.114784)
(-2.14897 -0.0647433 0.114692)
(-2.07397 -0.0646962 0.114669)
(-1.99895 -0.0648078 0.114723)
(-1.92389 -0.0650144 0.114822)
(-1.84885 -0.0651661 0.114895)
(-1.7738 -0.0654121 0.115014)
(-1.69876 -0.0656682 0.115138)
(-1.62374 -0.065698 0.115153)
(-1.54876 -0.0656724 0.11514)
(-1.4738 -0.0656739 0.115141)
(-1.39881 -0.0657259 0.115166)
(-1.32375 -0.0658271 0.115216)
(-1.24867 -0.0659187 0.115261)
(-1.17354 -0.0659599 0.115281)
(-1.09818 -0.0657906 0.115198)
(-1.023 -0.065695 0.115151)
(-0.948303 -0.0661947 0.115396)
(-1.62373 0.0678638 0.11623)
(3.57736 0.0668455 0.115718)
(-1.84877 0.0683074 0.116456)
(4.32114 0.0741058 0.119584)
(-2.97428 0.0667748 0.115683)
(1.26066 0.0445639 0.106773)
(0.921351 -0.0350988 0.104164)
(0.999225 -0.048376 0.108015)
(1.07508 -0.0455012 0.107068)
(1.14838 -0.035907 0.104361)
(1.22582 -0.0338874 0.103878)
(1.30469 -0.034629 0.104052)
(1.38268 -0.0424655 0.106137)
(1.46103 -0.0508144 0.108869)
(1.53715 -0.0544466 0.11023)
(1.6125 -0.0557887 0.110761)
(1.68764 -0.0562119 0.110931)
(1.76272 -0.0563486 0.110986)
(1.83822 -0.0565523 0.111069)
(1.91326 -0.0565042 0.111049)
(1.98842 -0.0565193 0.111056)
(2.06372 -0.0567373 0.111144)
(2.13898 -0.057273 0.111364)
(2.21314 -0.0587338 0.111977)
(2.27975 -0.0667675 0.115679)
(2.34566 -0.0432878 0.106382)
(2.42855 -0.0286198 0.102756)
(2.51321 -0.0504081 0.108724)
(2.58964 -0.0544284 0.110223)
(2.66515 -0.0562286 0.110938)
(2.74012 -0.0573125 0.111381)
(2.81424 -0.0592172 0.112184)
(2.88085 -0.0679321 0.116264)
(2.94744 -0.0459636 0.107216)
(3.03191 -0.0350047 0.104142)
(3.10253 -0.0658553 0.11523)
(3.16851 -0.054726 0.110339)
(3.24202 -0.0415833 0.105879)
(3.31859 -0.0323249 0.103524)
(3.3974 -0.029675 0.102965)
(3.47687 -0.027339 0.102512)
(3.55936 -0.0237816 0.101897)
(3.64177 -0.0492694 0.108322)
(3.71657 -0.0544311 0.110224)
(3.79055 -0.0560249 0.110855)
(3.86483 -0.0564727 0.111037)
(3.93936 -0.0563548 0.110989)
(4.01402 -0.0559981 0.110845)
(4.08951 -0.056207 0.110929)
(4.16519 -0.0564601 0.111031)
(4.24117 -0.0566585 0.111112)
(4.31702 -0.0567618 0.111154)
(4.39249 -0.0575373 0.111474)
(4.46107 -0.0650113 0.11482)
(4.53221 -0.039325 0.105247)
(4.60418 -0.0604446 0.112718)
(1.47252 0.0777851 0.121744)
(-1.09674 0.0675236 0.116058)
(-4.32578 0.0660678 0.115334)
(2.14378 0.0736963 0.119352)
(1.40684 0.0816738 0.124185)
(-4.09989 0.0659808 0.115291)
(-3.64952 0.0676639 0.116128)
(3.94337 0.0743034 0.119696)
(0.958581 0.084485 0.126055)
(-1.17282 0.0675142 0.116053)
(-1.92383 0.0685003 0.116554)
(4.24481 0.0740869 0.119573)
(4.67495 0.0386785 0.105073)
(-1.01875 0.0675031 0.116047)
(-1.39872 0.0678945 0.116245)
(-4.175 0.0659548 0.115278)
(-1.69873 0.0679917 0.116295)
(-1.47376 0.0679273 0.116262)
(-2.44912 0.0683482 0.116477)
(3.50596 0.0535484 0.109884)
(-1.24835 0.0675624 0.116077)
(-3.04928 0.0665701 0.115581)
(1.3444 0.046421 0.107364)
(-3.12429 0.066267 0.115431)
(-4.40194 0.0653592 0.114988)
(-3.34932 0.0665194 0.115556)
(1.76671 0.0745071 0.119813)
(-1.77374 0.068087 0.116343)
(-2.74927 0.0671751 0.115882)
(-4.2502 0.0661001 0.115349)
(-3.49941 0.0673537 0.115972)
(-4.58779 -0.012729 0.100541)
(4.53935 0.0606651 0.112815)
(3.19735 0.0796114 0.12287)
(0.829848 0.0702778 0.117482)
(-0.812976 -0.0754995 0.120386)
(4.16898 0.0741706 0.119621)
(-3.72456 0.0674875 0.116039)
(-4.54356 -0.0713442 0.118053)
(2.21948 0.0736999 0.119354)
(3.72204 0.0752868 0.120262)
(4.3974 0.0749492 0.120067)
(-4.4791 0.0631189 0.113926)
(2.06769 0.0743726 0.119736)
(1.9922 0.0742986 0.119694)
(1.69156 0.0750049 0.120099)
(0.897261 0.0570997 0.111293)
(1.17994 0.044004 0.1066)
(-0.876903 -0.0691485 0.116889)
(3.86866 0.074686 0.119915)
(4.62104 0.0820333 0.124419)
(1.54362 0.0759411 0.120644)
(1.02161 0.0731289 0.119034)
(1.91688 0.0744397 0.119774)
(-2.82425 0.0671101 0.11585)
(1.84181 0.0743343 0.119714)
(3.35024 0.04734 0.107666)
(-1.54874 0.0678659 0.116231)
(2.28917 0.0787932 0.122361)
(2.89139 0.0775728 0.121616)
(2.74517 0.0737923 0.119406)
(-0.827005 -0.0130798 0.100571)
(2.63033 0.0112769 0.100424)
(4.46711 0.0821439 0.124492)
(4.60462 0.0110711 0.100409)
(-1.96138 0.00223013 0.100017)
(-3.687 0.00102177 0.100003)
(3.79478 0.0748783 0.120026)
(-3.53696 0.000942297 0.100003)
(1.09729 0.044504 0.106754)
(-2.4866 0.00180128 0.100011)
(1.6171 0.0751602 0.120189)
(4.05336 0.0107393 0.100385)
(-1.51128 0.0014269 0.100007)
(2.49015 0.0154479 0.100798)
(1.42686 0.019849 0.101319)
(3.2653 0.0475979 0.107752)
(2.82105 0.0732395 0.119096)
(4.20476 0.0103964 0.100361)
(-3.76205 0.000822473 0.100002)
(3.11084 0.000273241 0.1)
(-2.9367 0.000188704 0.1)
(-4.43792 -0.00170717 0.10001)
(3.62055 0.0167917 0.100943)
(-2.56164 0.00126569 0.100005)
(-2.18649 0.00228085 0.100017)
(-0.981927 0.00121172 0.100005)
(-2.26151 0.00207528 0.100014)
(-2.33652 0.00213324 0.100015)
(-3.91212 0.000116862 0.1)
(-1.58623 0.00137031 0.100006)
(-3.83709 0.000547052 0.100001)
(4.12885 0.010576 0.100373)
(-2.03643 0.00239243 0.100019)
(-1.73623 0.00151433 0.100008)
(-1.28611 0.00105887 0.100004)
(1.80187 0.0106023 0.100375)
(-4.51299 -0.00487594 0.100079)
(-2.63666 0.000825476 0.100002)
(-1.81126 0.00182747 0.100011)
(-4.28753 -0.000652842 0.100001)
(-4.21242 -0.000964661 0.100003)
(-4.13736 -0.0010355 0.100004)
(-4.06228 -0.000899054 0.100003)
(-3.98721 -0.000485015 0.100001)
(-3.3869 5.91989e-06 0.1)
(-3.31189 -0.000673742 0.100002)
(-3.23681 -0.00101899 0.100003)
(-3.16176 -0.000840577 0.100002)
(-3.08672 -0.000518996 0.100001)
(-3.0117 -0.000197173 0.1)
(-2.78674 0.000391541 0.100001)
(-2.71173 0.000440626 0.100001)
(-1.36124 0.00130821 0.100006)
(-1.13552 0.000985728 0.100003)
(-1.05927 0.00109956 0.100004)
(-0.903622 -0.000545323 0.100001)
(1.0337 0.00971195 0.100315)
(1.50249 0.0138259 0.100639)
(1.57684 0.0117509 0.100461)
(1.65143 0.0111651 0.100416)
(1.87694 0.0106491 0.100378)
(1.95201 0.0107628 0.100387)
(2.02761 0.0106142 0.100376)
(2.10377 0.0101091 0.100341)
(2.1818 0.00920207 0.100283)
(2.26993 0.00723136 0.100174)
(2.70534 0.0102104 0.100348)
(2.78303 0.0090185 0.100271)
(2.87166 0.00603353 0.100121)
(3.18648 0.0167719 0.100941)
(3.6857 0.0130385 0.100568)
(3.75621 0.0114383 0.100437)
(3.82923 0.0108173 0.100391)
(3.90381 0.0103636 0.100358)
(4.28123 0.0103686 0.100359)
(4.36005 0.0102276 0.100349)
(4.45063 0.0102994 0.100354)
(-2.11147 0.00249467 0.100021)
(-3.61197 0.000927054 0.100003)
(-2.86172 0.00044757 0.100001)
(-1.88634 0.00211146 0.100015)
(-1.66122 0.00127693 0.100005)
(-2.41156 0.00217521 0.100016)
(-1.2109 0.00109958 0.100004)
(-4.36275 -0.000649884 0.100001)
(-3.46194 0.000637171 0.100001)
(-1.4363 0.00144954 0.100007)
(2.55708 0.0128831 0.100554)
(0.968702 0.0232305 0.10181)
(3.97829 0.0106643 0.10038)
(1.7266 0.0108351 0.100392)
(0.270736 -0.0925134 1.21361)
(0.353851 -0.177862 1.37783)
(-0.0176315 -0.0891157 1.25894)
(0.282883 -0.0532497 1.02765)
(0.340995 0.00338897 1.40629)
(0.346069 0.182999 1.40483)
(0.219969 0.134129 1.40645)
(-0.0113507 0.265875 1.25798)
(-0.00832422 -0.0533148 0.970169)
(-0.0410506 -0.024548 0.690158)
(0.263161 -0.0217055 0.721189)
(0.345939 0.179078 1.28567)
(0.195541 0.315475 1.40057)
(0.0472285 0.26051 1.39252)
(0.112419 0.354416 1.28916)
(-0.00862637 0.247638 0.964815)
(0.247973 0.328732 1.28518)
(-0.255139 0.300734 1.34013)
(-0.118793 0.329502 1.41612)
(-0.138806 0.354401 1.30608)
(-0.393987 -0.00257496 1.33116)
(-0.294316 0.128686 1.3504)
(-0.253371 -0.101295 1.39263)
(-0.233678 -0.310239 1.40045)
(-0.0997152 -0.381508 1.30717)
(-0.286657 -0.253325 1.28468)
(0.0876434 -0.4073 1.30134)
(0.199409 -0.335977 1.39659)
(0.282144 -0.271636 1.28123)
(-0.0912204 0.321544 0.385907)
(0.311638 -0.0843187 0.42567)
(0.055003 0.364468 0.352515)
(-0.0377873 -0.061521 0.479143)
(0.0174706 0.256601 0.646761)
(0.17863 0.340463 0.357835)
(0.269119 0.00642236 0.189457)
(0.334286 0.005587 0.375809)
(0.294393 0.154073 0.407275)
(-0.232747 0.320228 0.357732)
(-0.204871 0.036405 0.20066)
(-0.229277 0.189543 0.400864)
(-0.237597 0.310668 0.519332)
(-0.240908 0.309264 0.726695)
(-0.32286 0.0296169 0.213217)
(-0.37144 0.0357679 0.394574)
(-0.0905189 -0.132905 0.419047)
(-0.21806 -0.0354116 0.385713)
(-0.367752 -0.145836 0.38572)
(-0.251908 -0.264073 0.358111)
(0.0550741 -0.322226 0.383998)
(-0.105043 -0.321857 0.353199)
(0.196489 -0.298592 0.365254)
(0.0258599 -0.404447 0.520929)
(0.328882 -0.190221 0.364932)
(0.701145 0.0269561 0.186807)
(0.802586 -0.0210912 0.227061)
(0.386524 0.0843646 0.63957)
(0.185782 0.0403325 0.385356)
(0.198613 -0.124772 0.433753)
(0.340052 -0.191313 0.585103)
(0.171327 0.0595128 0.577616)
(0.350659 0.158426 0.529992)
(0.192689 -0.13619 0.610125)
(0.0282939 0.0693925 0.621621)
(0.396165 0.0253356 0.782791)
(0.347957 -0.160577 0.788259)
(0.171611 0.0328101 0.805763)
(0.36554 0.186059 0.749993)
(0.278461 0.0452386 0.911291)
(0.210754 -0.0927126 0.902401)
(0.0751846 0.0935165 0.91113)
(0.322078 0.230645 0.887073)
(0.341209 -0.19203 0.924466)
(0.357171 0.0551115 1.06975)
(0.370701 -0.174687 1.03104)
(0.183558 0.0247438 1.08286)
(0.360021 0.165946 1.01492)
(0.374516 0.0356968 1.19473)
(0.193055 -0.149631 1.07867)
(0.382626 -0.116672 1.16474)
(0.193159 0.011345 1.19159)
(0.377176 0.172673 1.15262)
(0.150035 0.0149752 1.39321)
(-0.0936119 0.0455147 0.209764)
(-0.279429 -0.103881 0.487785)
(-0.274112 -0.289905 0.49033)
(0.0221105 0.042148 0.201083)
(0.042007 -0.123851 0.399293)
(-0.104137 0.127546 0.454095)
(-0.110577 -0.127694 0.582822)
(-0.167921 -0.212177 0.485711)
(0.15868 0.0337084 0.202921)
(0.0790576 -0.00956232 0.470198)
(0.0358458 -0.0863541 0.574393)
(-0.0107536 -0.225673 0.4787)
(0.16426 -0.32747 0.589426)
(-0.431254 -0.0389352 0.451848)
(-0.24603 0.0265944 0.560434)
(-0.395878 -0.0148355 0.552866)
(-0.395404 0.0893099 0.635707)
(-4.54671 -0.020885 0.184354)
(-4.41823 -0.0220838 0.193998)
(-4.18537 0.0611067 0.262165)
(-4.34117 -0.0509337 0.292825)
(-4.05764 -0.0354618 0.192495)
(-3.76836 -0.0549482 0.289045)
(-3.94982 -0.00280091 0.188874)
(-3.72237 -0.0263576 0.192982)
(-3.44084 -0.0176099 0.246911)
(-3.56572 -0.0107812 0.247841)
(-3.27389 0.0736986 0.233478)
(-3.18091 -0.0187573 0.195112)
(-2.77901 0.0503289 0.201963)
(-2.95476 0.0461286 0.281562)
(-3.04725 0.0580822 0.268381)
(-2.62961 -0.0515127 0.2902)
(-2.33992 -0.0526101 0.275547)
(-2.55485 0.0126003 0.185612)
(-2.26531 -0.0572403 0.201165)
(-2.03174 -0.0356431 0.186897)
(-2.13364 -0.0460625 0.231326)
(-1.88096 -0.0119902 0.19488)
(-1.63961 -0.0182814 0.296755)
(-1.77423 -0.0559914 0.266354)
(-1.47871 -0.0180076 0.244484)
(-1.33298 -0.0552806 0.283625)
(-1.12409 0.0524286 0.211915)
(-1.23218 0.0593902 0.205749)
(-0.969056 -0.033734 0.195917)
(-0.860729 -0.0498806 0.195589)
(-0.330265 0.17728 0.499168)
(0.0350152 0.144063 0.40786)
(-0.11835 0.181034 0.634218)
(-0.0983284 0.361169 0.523557)
(0.162982 0.17606 0.402652)
(0.207469 0.182815 0.524098)
(0.053199 0.396349 0.597397)
(0.0440387 0.158828 0.52655)
(0.173023 0.375046 0.512349)
(0.928931 0.0257179 0.191752)
(1.33053 -0.0265577 0.228873)
(1.20987 0.0278401 0.232028)
(1.06548 0.015194 0.186216)
(1.43288 -0.0529437 0.255859)
(1.7522 -0.0615276 0.253282)
(1.58693 0.00117902 0.185597)
(1.82218 -0.0157393 0.173511)
(2.03657 -0.0519754 0.274102)
(1.97844 0.00757624 0.1835)
(2.23099 -0.00309665 0.187121)
(2.51185 -0.00771453 0.243947)
(2.33972 0.00882688 0.186951)
(2.61284 0.00137944 0.183989)
(2.73185 0.00965915 0.190002)
(3.09174 -0.0506486 0.233317)
(2.98522 -0.0418755 0.219601)
(2.88537 -0.0483536 0.2296)
(3.25824 0.00324043 0.183702)
(3.56163 -0.0432788 0.266421)
(3.41154 -0.0481376 0.204128)
(3.63583 0.01721 0.182693)
(3.88673 0.00579694 0.184207)
(3.761 0.0139441 0.190779)
(4.01358 0.0017182 0.181604)
(4.22667 -0.042852 0.240623)
(4.13574 0.0300471 0.187513)
(4.4096 0.00614268 0.189368)
(4.52808 0.0119763 0.184806)
(4.63483 -0.0199029 0.229406)
(0.408982 -0.00312647 0.488921)
(0.535451 -0.00571655 0.312635)
(0.410833 -0.0979757 0.380512)
(0.45794 -0.045566 0.18984)
(-0.0766026 0.0240778 0.567032)
(-0.408332 0.0663583 0.769458)
(-0.451912 -0.0320357 0.3325)
(-0.557329 -0.0192493 0.314657)
(-0.383338 -0.168799 0.305238)
(-0.497041 -0.0648106 0.212647)
(-0.53923 0.0629596 0.227692)
(0.439257 0.0639594 0.203806)
(0.358755 0.183523 0.331481)
(0.294959 0.0758027 0.287913)
(0.431747 -0.00737662 0.294294)
(0.402975 0.101102 0.393087)
(0.515611 0.0629581 0.216479)
(-0.406615 0.0677654 0.906225)
(-0.216004 0.032876 0.911994)
(-0.411166 0.0485689 1.03871)
(-0.237851 0.0642062 1.09068)
(-0.394379 0.0141477 1.16323)
(-0.320902 -0.187456 1.02824)
(-0.305612 -0.0253426 0.816465)
(-0.274212 -0.285146 0.872847)
(-0.310774 -0.300229 1.02842)
(-0.22761 0.0463145 1.21787)
(-0.093589 0.0533359 1.18805)
(-0.334675 0.191414 1.15812)
(-0.342525 -0.140074 1.14735)
(-0.274369 -0.293269 1.15828)
(-0.117968 -0.185687 1.3692)
(-0.329335 -0.273771 0.593921)
(-0.256759 -0.307676 0.715526)
(-0.151538 -0.131386 1.18851)
(-0.101182 -0.358511 1.14853)
(-0.144578 -0.031172 1.03613)
(-0.309971 -0.143531 0.897146)
(-0.0909037 -0.214694 1.02461)
(-0.160786 -0.186178 0.757057)
(-0.184654 0.011468 0.733649)
(-0.293476 -0.157029 0.629873)
(-0.111857 -0.36728 0.748459)
(-0.138866 -0.137359 0.897791)
(-0.110329 -0.296245 0.634729)
(-0.0562464 -0.304246 0.886838)
(-0.379972 -0.174129 0.49626)
(0.0284912 -0.392531 0.641934)
(0.0151148 -0.399176 0.782458)
(0.0125336 -0.190498 0.790422)
(0.0464369 -0.398652 0.937084)
(0.056517 -0.407626 1.17789)
(0.0369612 -0.414151 1.05475)
(0.0105245 -0.314255 1.03375)
(0.027615 -0.217321 0.658205)
(0.058411 -0.247614 1.23483)
(0.164399 -0.156981 0.781053)
(0.249357 -0.275798 0.889246)
(0.0483928 -0.158791 0.907107)
(0.271178 -0.292612 1.0406)
(0.0203774 -0.161722 1.10149)
(-0.0781153 -0.399694 0.989386)
(0.24287 -0.298658 1.15878)
(0.0430941 -0.269242 1.38051)
(0.0330947 -0.135049 1.38166)
(0.0256534 -0.395425 1.40182)
(0.134919 -0.111151 1.24979)
(0.230909 0.139146 0.676513)
(0.252287 0.143302 0.800916)
(0.205497 0.168711 0.907609)
(0.130059 0.174754 1.26427)
(0.184873 0.363768 0.66811)
(0.185353 0.37085 0.786762)
(0.196466 0.342396 0.913042)
(0.205294 0.125394 1.01475)
(0.196445 0.361015 1.04054)
(0.241877 0.307732 1.15881)
(0.0487366 0.396014 0.753744)
(0.0695432 0.384856 0.8835)
(0.0731065 0.393863 1.15827)
(0.049231 0.388393 1.01304)
(-0.0988868 0.380223 0.641833)
(0.114642 0.149821 0.638159)
(-0.101533 0.379184 0.76749)
(0.0648747 0.120017 0.764077)
(-0.10803 0.378934 1.04715)
(0.00896721 0.104108 1.02792)
(-0.0064783 0.410348 0.459035)
(-0.122614 0.362602 0.907216)
(-0.0893794 0.378808 1.18022)
(-0.232711 0.33035 1.15963)
(-0.14662 0.202035 1.07081)
(-0.00690478 0.199276 1.14756)
(-0.136334 0.161334 0.900026)
(-0.0911732 0.159898 1.34258)
(-0.00150128 0.40987 1.34124)
(0.0630201 0.14287 1.40787)
(-0.114707 0.151415 0.762997)
(-0.30704 0.178628 0.637816)
(-0.309676 0.156112 0.759357)
(-0.335494 0.184418 0.880689)
(-0.330366 0.171819 1.02268)
(-4.90098 0.0596299 0.240253)
(-4.77175 0.0305501 0.19197)
(-4.67252 0.0410831 0.260494)
(-4.48545 0.064837 0.212969)
(-4.29168 0.0531831 0.209685)
(-4.04137 0.0741234 0.214866)
(-3.85091 0.0622954 0.223142)
(-3.38905 0.056933 0.207331)
(-3.51442 0.0632458 0.219031)
(-3.6567 0.0612397 0.215661)
(-3.14072 0.0746737 0.21562)
(-2.87098 0.0700104 0.21665)
(-2.69012 0.0508328 0.208444)
(-2.42469 0.0307417 0.190343)
(-2.30506 0.037443 0.19095)
(-2.18288 0.0352929 0.187216)
(-1.97253 0.0270018 0.182604)
(-1.79009 0.0271752 0.187315)
(-1.6739 0.0434888 0.205288)
(-1.53427 0.0598075 0.215658)
(-1.38962 0.0524104 0.211697)
(-1.02077 0.0662074 0.21627)
(-0.90439 0.058759 0.210494)
(-0.760305 0.006725 0.189807)
(-0.665309 0.0579416 0.251483)
(-0.260193 0.0922562 0.289186)
(-0.223927 0.208516 0.311772)
(-0.334908 0.193949 0.337836)
(-0.155219 0.110556 0.320907)
(-0.123703 0.215523 0.327582)
(-0.00684994 0.225612 0.319774)
(-0.0426001 0.120001 0.320344)
(-0.395455 0.0985356 0.292568)
(1.68516 0.0329286 0.193202)
(1.47683 0.0427746 0.196171)
(1.8723 0.0601285 0.200004)
(2.11555 0.0239123 0.189263)
(0.594917 0.0584923 0.224534)
(0.285472 0.173754 0.304903)
(2.45296 0.0362256 0.187997)
(3.35551 0.0319071 0.187975)
(3.47725 0.0156472 0.182883)
(3.15873 0.0216551 0.189825)
(4.31222 0.0498568 0.207479)
(2.83497 0.0530413 0.226044)
(0.0751284 0.160563 0.319359)
(0.0929402 0.247696 0.341813)
(0.0779677 0.0688176 0.304178)
(0.144845 0.191926 0.304021)
(0.175789 0.101562 0.280496)
(0.223563 0.158878 0.323661)
(0.194817 0.251919 0.311047)
(0.284179 0.260906 0.337901)
(0.354349 0.0594657 0.198383)
(4.77641 0.0104649 0.225913)
(-4.91442 -0.0288484 0.312352)
(-4.89914 -0.0474536 0.204667)
(-4.7302 -0.0609295 0.269058)
(-4.51188 -0.058408 0.295761)
(-4.82516 -0.0166722 0.301652)
(-0.66135 -0.051648 0.299866)
(-3.88862 -0.0543444 0.288724)
(-3.6303 -0.047119 0.299142)
(-3.49702 -0.0575774 0.290618)
(-4.42248 -0.0558026 0.30002)
(-4.24461 -0.0510025 0.291111)
(-4.13286 -0.0499287 0.299505)
(-3.99627 -0.0604901 0.295079)
(-4.61277 -0.0651319 0.261479)
(-1.98432 0.0613879 0.299218)
(-2.07333 0.0448674 0.271955)
(-1.88634 0.0541225 0.300962)
(-1.79552 0.0596399 0.300503)
(-1.71591 0.0526969 0.302046)
(-2.15556 0.0654708 0.294337)
(-1.1766 0.05463 0.309452)
(-1.28225 0.05463 0.300646)
(-0.981344 0.049857 0.307026)
(-1.37435 0.0587054 0.302707)
(-1.46146 0.05055 0.305013)
(-1.54281 0.0518339 0.317514)
(-1.08127 0.0521503 0.305074)
(-0.894474 0.059831 0.310433)
(-0.813792 0.0594752 0.291308)
(-2.68431 0.0475654 0.311301)
(-2.78001 0.0603898 0.295017)
(-2.61328 0.0669223 0.29356)
(-2.53108 0.0563497 0.291218)
(-2.43854 0.0469973 0.311738)
(-2.36747 0.0606662 0.295936)
(-2.29701 0.0718315 0.290051)
(-2.23303 0.0380885 0.299703)
(-3.43392 0.0407886 0.310814)
(-3.32716 0.0465772 0.309042)
(-3.52393 0.0384194 0.317878)
(-3.13356 0.0380824 0.306321)
(-3.20527 0.0660118 0.301862)
(-2.86517 0.0560003 0.316033)
(-3.75255 0.0572963 0.288927)
(-3.84133 0.0447639 0.319476)
(-3.66686 0.0567003 0.314821)
(-3.59474 0.0563191 0.307211)
(-4.02744 0.0389159 0.311542)
(-3.93348 0.0501524 0.30171)
(-4.10346 0.0551125 0.285605)
(-4.26072 0.0541355 0.308908)
(-2.84883 -0.0444648 0.289768)
(-3.02289 -0.050592 0.298081)
(-2.93775 -0.0626657 0.300049)
(-3.3719 -0.0560782 0.29227)
(-3.11708 -0.0588387 0.294402)
(-3.23806 -0.0483096 0.291135)
(-2.20591 -0.0652429 0.291612)
(-1.94736 -0.0512793 0.290306)
(-2.04897 -0.0680938 0.274568)
(-2.74794 -0.0513308 0.284391)
(-2.52347 -0.0532334 0.281978)
(-2.44155 -0.0722232 0.270148)
(-0.616116 -0.0549231 0.211577)
(-0.772295 -0.0374806 0.304572)
(-1.0528 -0.0521541 0.291544)
(-1.19026 -0.0494496 0.292479)
(-0.909802 -0.0505605 0.294092)
(-1.5399 -0.0529265 0.29014)
(-1.43232 -0.0572054 0.298022)
(-4.36771 0.0580791 0.291835)
(-4.47266 0.0452711 0.313514)
(-4.57167 0.0413969 0.311322)
(0.624917 -0.0398218 0.306417)
(0.743428 0.0574281 0.285234)
(0.653844 0.0610616 0.296115)
(1.01993 0.0545578 0.288975)
(0.832084 0.0616281 0.283252)
(0.916277 0.0648364 0.301303)
(1.58586 0.0514216 0.300645)
(1.6942 0.0469575 0.303423)
(1.78659 0.0532343 0.273431)
(1.13821 0.0639335 0.292147)
(1.47976 0.0531701 0.302258)
(1.3884 0.0577961 0.287051)
(1.29531 0.0650807 0.283846)
(2.75348 0.0441189 0.310949)
(2.9377 0.0578767 0.289636)
(3.05131 0.0519683 0.28206)
(3.22423 0.0573286 0.289795)
(3.14333 0.0550461 0.294958)
(3.83399 0.0614555 0.292077)
(3.94282 0.0583957 0.282704)
(4.043 0.0545704 0.281393)
(4.21988 0.0641386 0.290846)
(3.31285 0.0626051 0.298418)
(3.40608 0.0423816 0.296481)
(3.50567 0.0607681 0.289668)
(3.72057 0.0548568 0.290348)
(3.61524 0.054937 0.302601)
(2.19704 0.0548733 0.288746)
(1.86817 0.0606392 0.296744)
(2.0351 0.0640273 0.296115)
(1.94846 0.0542273 0.29245)
(2.11894 0.0518111 0.300766)
(2.66149 0.0587903 0.279144)
(2.5627 0.0618791 0.298167)
(2.44419 0.0573254 0.305697)
(2.35977 0.047912 0.303326)
(2.28498 0.0614553 0.278651)
(0.634389 -0.054167 0.200261)
(0.715459 -0.0630851 0.275225)
(0.892693 -0.0507532 0.290937)
(1.01154 -0.0562803 0.270681)
(1.12951 -0.0571154 0.274337)
(1.23143 -0.0683046 0.270195)
(1.53214 -0.0592975 0.278644)
(1.65108 -0.0580677 0.286863)
(1.89595 -0.0554976 0.270215)
(2.16188 -0.0611777 0.278588)
(2.67017 -0.0603013 0.276302)
(2.57323 -0.0608096 0.289283)
(2.4164 -0.0591541 0.275141)
(2.2866 -0.0587976 0.273185)
(3.44684 -0.0600012 0.292777)
(3.31752 -0.0569757 0.2735)
(3.19273 -0.0500857 0.281471)
(3.02583 -0.0581226 0.309377)
(3.83069 -0.0546299 0.286443)
(3.70276 -0.0561937 0.28025)
(4.07615 -0.0590853 0.27127)
(3.94773 -0.0563813 0.276592)
(4.34829 -0.057235 0.289687)
(4.48208 -0.0562475 0.271801)
(2.79462 -0.0508777 0.295787)
(4.6964 -0.0773578 0.282635)
(4.88657 -0.0154661 0.270837)
(4.48311 0.0612455 0.279459)
(4.39841 0.0449046 0.309083)
(4.30507 0.0428461 0.311756)
(4.13144 0.0516094 0.302946)
(4.68395 0.0642332 0.295145)
(4.58148 0.0588902 0.296888)
(4.76508 0.0661306 0.314254)
(-0.268081 -0.0578469 0.185016)
(-0.23784 -0.151156 0.310494)
(-0.366467 -0.0711818 0.20112)
(-0.310361 -0.0883708 0.286584)
(-0.317366 -0.180204 0.308571)
(-0.403339 -0.0761842 0.276835)
(-0.158672 -0.054205 0.192954)
(-0.223085 -0.06987 0.257803)
(-0.149877 -0.176922 0.332688)
(-0.123643 -0.0670477 0.294597)
(-0.0709463 -0.0675968 0.198206)
(-0.0428132 -0.170701 0.33322)
(0.0125582 -0.0683656 0.194185)
(0.101266 -0.0614753 0.200106)
(0.109571 -0.0554621 0.30851)
(0.12762 -0.173034 0.33739)
(-0.00483029 -0.0634365 0.278336)
(0.206467 -0.0677638 0.205388)
(0.229491 -0.191 0.323202)
(0.229363 -0.065421 0.316771)
(0.327288 -0.0703858 0.271914)
(-4.3224 -0.0475312 0.186648)
(-4.14678 -0.02127 0.189655)
(-4.23414 -0.0237789 0.184638)
(-1.52479 -0.0354107 0.178397)
(-3.09688 -0.0261408 0.190654)
(-3.2569 -0.019577 0.171039)
(-3.32873 -0.0224049 0.186294)
(-3.49923 -0.0302621 0.182863)
(-3.61082 -0.0304508 0.178253)
(-3.40896 -0.0426119 0.180918)
(-2.91621 -0.0230099 0.18609)
(-2.82276 -0.0437864 0.185271)
(-2.651 -0.0364868 0.182051)
(-2.73631 -0.0406987 0.180699)
(-3.0061 -0.0220506 0.184671)
(-3.83636 -0.0374535 0.18782)
(0.372037 -0.0406931 0.181671)
(0.540491 -0.0514085 0.207797)
(-1.60271 -0.0291756 0.179357)
(-1.43081 -0.0332203 0.178169)
(-1.29461 -0.0325622 0.183401)
(-1.17228 -0.0423733 0.187804)
(-1.06263 -0.0338329 0.179196)
(-0.436965 0.0276539 0.214922)
(0.18495 -0.15254 1.39203)
(0.0201841 0.0198623 1.36726)
(-0.131724 -0.0187209 1.36057)
(-0.359492 -0.187774 1.39882)
(0.0436973 -0.00610599 1.1438)
(0.391254 -0.0847924 0.919899)
(0.117289 -0.0279091 1.00171)
(-0.0947151 0.0087438 0.917312)
(-0.175538 0.208862 1.21908)
(0.264378 0.013728 1.29853)
(0.408889 -0.0340375 1.30498)
(0.394779 -0.0657163 0.643222)
(0.105231 -0.0220146 0.701972)
(-0.33214 0.262152 1.26649)
(-0.289757 -0.0586453 1.25993)
(0.179771 -0.36179 1.25945)
(0.27606 0.0155186 0.501529)
(-0.0330271 -0.0186906 0.817955)
(0.0825192 -0.0461419 0.845557)
(0.395281 0.115264 0.887988)
(0.415466 -0.0129711 0.996691)
(0.248461 0.134344 1.15852)
(0.116026 0.106935 1.11276)
(-0.130297 -0.365505 0.485979)
(-0.0402745 -0.00164114 0.362287)
(0.120543 -0.195214 0.490797)
(0.267772 -0.285214 0.487353)
(-0.404235 -0.0550399 0.69391)
(0.0786193 0.283619 0.462538)
(0.261186 0.294198 0.482003)
(-0.147426 -0.0432596 0.481511)
(-0.410318 -0.0728036 0.831031)
(-0.403159 -0.0619872 0.942576)
(-0.316586 -0.0119629 0.999991)
(-0.352849 -0.179676 0.77254)
(-0.181623 -0.373759 0.844333)
(-0.206787 -0.358548 0.608534)
(-0.194953 -0.337842 0.997883)
(-0.312833 0.0194189 0.681311)
(-0.0336338 -0.304611 0.566595)
(0.127447 -0.338551 0.861788)
(0.118781 -0.32697 1.10954)
(0.125636 -0.338994 0.741456)
(0.260941 -0.297645 0.727212)
(0.140432 -0.373264 1.00243)
(0.103579 -0.243805 0.989228)
(0.147962 0.264765 0.586833)
(0.281508 0.285685 0.62102)
(0.137195 0.259871 0.712694)
(0.270089 0.289668 0.759958)
(0.134186 0.256771 0.834879)
(0.126837 0.247509 0.96757)
(0.277335 0.29382 0.991616)
(0.121517 0.238979 1.08975)
(0.0029696 0.256077 0.806846)
(-0.264486 0.294075 0.990565)
(-4.96056 0.00252855 0.357575)
)


// ************************************************************************* //
