/*--------------------------------*- C++ -*----------------------------------*\
  =========                 |
  \\      /  F ield         | OpenFOAM: The Open Source CFD Toolbox
   \\    /   O peration     | Website:  https://openfoam.org
    \\  /    A nd           | Version:  8
     \\/     M anipulation  |
\*---------------------------------------------------------------------------*/
FoamFile
{
    version     2.0;
    format      ascii;
    class       faceSet;
    location    "constant/polyMesh/sets";
    object      skewFaces;
}
// * * * * * * * * * * * * * * * * * * * * * * * * * * * * * * * * * * * * * //


2517
(
163840 
167936 
163841 
163843 
163845 
163850 
167948 
167949 
172049 
167954 
188437 
163861 
163864 
163866 
184347 
163867 
167963 
167964 
167968 
192546 
167970 
167973 
163878 
167974 
172071 
167980 
163888 
180276 
163892 
184374 
163894 
167990 
172086 
163898 
167995 
167996 
184383 
163906 
168003 
168006 
168007 
163914 
168010 
172106 
168012 
184397 
184398 
168014 
168018 
172114 
168019 
188500 
180310 
163926 
188507 
176220 
184416 
163936 
168032 
180325 
168038 
163943 
168039 
184425 
188522 
163949 
163963 
176253 
180350 
163967 
163969 
184451 
180356 
163973 
168070 
163976 
163978 
163979 
163981 
172176 
163987 
188564 
163988 
163992 
176281 
176284 
176285 
176286 
180389 
176295 
180392 
176299 
188594 
164018 
172213 
176319 
192704 
168133 
164042 
164043 
164044 
168140 
172238 
164048 
192721 
164049 
164050 
172242 
168151 
168152 
172248 
164057 
172253 
188639 
168159 
180448 
164064 
188642 
168162 
180451 
188644 
172260 
184551 
168168 
188653 
172270 
184560 
168176 
168179 
184564 
180468 
188661 
192758 
168184 
168190 
176383 
168195 
176387 
172292 
168197 
176392 
168205 
168213 
180502 
188697 
184602 
168218 
184603 
172315 
176412 
192797 
168221 
168223 
168228 
172327 
164137 
172332 
168240 
172336 
184625 
188726 
176439 
168252 
172348 
172349 
172350 
172351 
172352 
172353 
172354 
168259 
172355 
172356 
172357 
172358 
172359 
172360 
172361 
172363 
172365 
172367 
172368 
168274 
172370 
172372 
172374 
168279 
168280 
168281 
168283 
168288 
168289 
168290 
172386 
168291 
168294 
168295 
168297 
168300 
188781 
184687 
168303 
172399 
168304 
168305 
168307 
168309 
168312 
168314 
168315 
172415 
184704 
184706 
168330 
168332 
172428 
168333 
168337 
188818 
164242 
168339 
168340 
164245 
168341 
168342 
164247 
164248 
168345 
172441 
172442 
172443 
164253 
168352 
168354 
188838 
164262 
164264 
172456 
164265 
172458 
168363 
164268 
168364 
172460 
188846 
188847 
164271 
168369 
168372 
168373 
172470 
164281 
168377 
192955 
172475 
188860 
188862 
168384 
188865 
188866 
168387 
172483 
164292 
180677 
168390 
168392 
168396 
172493 
168399 
168402 
168405 
172501 
168406 
168411 
172507 
164321 
180708 
168420 
168421 
168432 
168442 
172541 
172542 
172544 
168449 
172550 
168456 
188937 
168457 
168458 
188939 
172559 
172562 
188950 
172567 
172570 
180764 
172573 
172575 
172579 
168485 
172582 
172585 
164394 
172588 
172589 
180785 
168497 
172598 
172601 
168508 
168509 
172606 
172607 
176708 
172614 
172618 
172622 
172626 
168532 
189016 
172634 
189023 
172640 
164449 
189026 
189031 
168554 
172651 
168557 
164463 
168561 
168562 
172660 
172663 
168568 
176763 
164476 
168572 
180861 
176765 
189054 
168577 
168579 
168583 
164491 
164492 
168588 
168590 
164502 
168598 
168600 
168608 
189091 
189092 
189093 
168618 
189108 
168628 
168630 
180920 
180922 
168637 
168639 
164547 
168644 
180933 
164550 
180936 
168648 
164553 
168649 
176841 
176842 
176843 
164558 
164559 
180947 
180951 
168668 
189152 
180963 
168681 
168682 
164589 
189169 
189172 
164602 
189189 
180998 
164616 
168712 
181001 
164617 
181004 
181007 
168723 
164629 
168727 
168731 
189213 
168733 
168737 
164642 
176930 
168739 
189220 
168741 
189222 
185126 
168742 
168743 
185128 
164648 
168744 
185129 
181033 
168745 
168746 
168747 
185132 
168748 
168750 
168751 
189234 
189235 
164659 
189238 
189240 
164664 
168760 
189241 
168762 
168763 
181052 
168764 
168766 
181056 
168768 
181060 
189254 
168776 
168777 
164684 
168792 
168793 
164698 
168796 
168798 
164706 
168802 
181091 
164708 
185193 
164714 
181101 
168813 
185199 
185206 
168824 
164729 
168828 
168838 
168841 
168842 
189328 
164752 
164758 
181146 
185243 
168861 
168865 
189346 
181154 
164773 
164774 
164775 
164776 
164777 
168873 
164778 
164779 
164780 
164781 
164782 
164783 
164784 
164785 
164786 
164788 
185269 
168885 
189366 
164791 
189368 
168889 
168890 
168891 
189374 
164798 
168894 
189375 
189376 
189377 
181186 
164803 
164804 
185288 
164808 
164809 
164810 
164813 
185300 
164821 
164826 
168923 
181216 
181217 
185314 
181219 
189415 
181226 
181227 
185324 
164851 
185333 
168949 
185337 
181243 
164862 
168961 
181250 
168962 
181253 
181258 
164874 
181263 
164880 
181267 
185369 
181276 
185376 
181282 
164898 
181283 
164899 
181285 
168997 
181286 
185383 
164904 
169000 
185386 
164906 
169002 
169003 
164910 
181295 
185392 
169008 
169009 
169013 
169015 
169016 
181305 
181311 
169025 
185410 
169031 
189513 
181321 
181323 
169035 
189517 
189518 
181327 
181328 
164946 
189523 
181331 
189524 
189525 
181333 
189526 
169046 
164951 
189528 
189529 
169049 
189530 
189531 
189532 
189533 
189534 
181342 
181343 
169057 
189539 
185443 
185444 
189541 
189542 
164966 
189544 
189545 
189547 
189549 
189550 
189552 
169072 
189553 
189557 
169079 
169082 
185467 
181373 
185472 
181378 
181379 
185478 
169098 
181390 
165007 
181392 
165008 
165009 
181397 
169109 
181402 
165020 
165021 
169118 
181410 
181413 
169127 
177320 
185515 
165035 
185516 
181420 
177324 
169133 
177325 
165038 
177327 
181426 
181430 
181431 
165050 
181436 
169149 
185535 
169156 
169157 
181449 
169161 
181451 
169165 
181454 
169166 
169167 
169168 
169170 
169171 
169173 
169176 
169178 
165085 
169181 
165086 
169182 
177374 
169183 
169185 
169186 
169188 
181477 
169189 
169190 
169191 
169192 
169193 
169194 
169195 
165102 
169198 
181488 
181490 
169203 
181501 
181503 
165119 
169219 
169220 
169221 
169223 
169228 
169229 
181518 
169231 
177426 
181523 
181524 
165147 
177436 
169247 
189728 
181536 
189731 
177443 
169253 
177447 
185640 
169257 
169258 
169260 
169261 
169262 
169263 
177457 
189748 
189749 
189750 
181558 
177464 
189754 
177467 
169276 
169277 
181566 
181568 
169280 
177474 
169287 
169291 
185678 
185681 
165201 
169300 
177492 
165205 
165207 
165208 
165209 
165210 
169306 
165211 
165212 
189789 
165213 
177501 
165214 
165215 
165216 
165217 
165218 
165219 
169315 
165220 
165221 
165222 
165227 
169323 
165234 
165235 
169332 
189813 
185718 
169340 
169342 
169343 
169347 
165252 
169352 
169354 
169355 
185743 
189847 
177563 
189853 
169374 
177568 
185761 
177569 
189859 
169381 
185767 
189867 
165292 
165293 
169390 
189873 
177585 
189874 
185779 
177588 
169397 
189878 
189879 
189882 
169409 
189892 
189897 
189899 
189903 
169423 
181714 
165333 
177627 
169436 
165341 
165349 
169448 
185833 
169451 
169452 
165357 
177652 
169464 
169470 
189955 
181766 
169478 
165387 
189964 
169484 
185870 
165390 
177678 
177679 
169488 
181777 
165393 
165394 
169490 
165397 
169493 
189974 
189975 
169495 
169496 
177688 
189977 
181785 
165404 
169503 
177698 
177699 
169508 
169511 
169512 
181801 
169517 
189999 
165425 
169521 
169523 
177716 
177719 
177720 
169530 
177725 
177726 
181823 
169535 
185921 
169538 
185923 
169540 
177736 
181833 
165453 
169551 
169553 
177745 
185940 
177749 
181846 
177750 
169564 
165469 
181855 
169567 
181858 
169571 
181867 
165483 
185964 
190061 
169583 
177776 
169586 
190067 
190069 
190071 
181879 
169593 
190074 
177788 
177789 
169598 
181887 
169609 
165515 
177803 
165517 
169613 
169615 
181904 
190097 
169620 
181909 
190102 
165528 
177816 
165529 
169627 
169628 
177820 
165535 
177824 
190113 
169638 
177830 
165544 
165545 
177834 
165548 
165549 
181936 
177840 
181939 
169651 
169652 
181941 
165557 
177845 
177846 
190135 
169659 
169661 
165566 
169662 
169663 
169665 
169666 
169667 
169668 
169669 
190150 
165574 
169670 
190151 
169671 
165576 
169672 
177865 
165577 
169673 
169674 
169675 
169676 
169677 
169678 
169679 
169680 
169681 
165586 
169682 
169683 
169684 
190165 
165589 
169685 
169686 
169687 
181976 
169688 
169689 
165594 
169690 
165595 
169691 
169692 
181981 
169693 
169694 
169695 
169696 
169697 
169698 
169699 
169700 
169701 
169702 
169703 
169704 
169705 
169706 
169707 
169708 
169709 
169712 
190193 
182006 
190199 
169719 
165626 
169724 
169725 
169726 
169728 
182018 
177923 
182025 
165642 
165643 
169740 
169741 
169743 
169744 
169745 
186130 
165650 
190227 
186133 
186134 
186135 
169751 
186137 
169754 
169755 
169757 
169762 
165667 
169763 
182052 
165669 
165670 
169766 
186151 
169767 
182056 
165675 
177966 
169775 
177968 
186161 
177970 
165682 
169778 
169779 
165685 
177974 
165688 
169785 
169786 
169790 
169792 
190274 
182082 
169796 
165702 
169798 
186186 
169803 
169804 
169806 
190287 
169807 
169808 
186193 
182097 
169809 
186194 
186195 
169812 
169814 
165722 
165723 
169819 
178017 
169825 
182114 
169826 
169828 
169829 
165734 
169830 
182119 
169831 
178025 
165738 
169834 
169837 
165743 
165744 
169841 
165747 
190324 
169844 
182135 
165753 
169850 
165756 
169854 
178048 
182146 
169865 
169868 
178063 
169871 
165776 
165777 
165778 
165779 
165780 
186261 
178069 
165781 
165783 
169879 
165784 
178073 
165785 
178074 
165786 
165787 
178078 
165790 
165791 
165792 
169888 
190369 
169891 
190372 
169892 
190373 
169893 
190374 
190375 
190376 
165800 
190377 
190378 
165802 
178091 
165803 
165804 
169901 
186286 
178096 
190385 
165810 
169907 
178100 
186295 
190392 
169913 
190394 
165818 
169917 
165823 
169919 
169922 
169923 
165828 
169925 
165840 
178131 
169940 
190422 
169942 
190424 
190425 
165849 
178142 
178143 
169951 
165858 
178147 
169958 
186343 
186345 
186346 
186347 
186351 
165871 
186352 
165872 
186353 
186356 
178165 
178167 
186364 
190461 
169982 
178178 
178181 
182289 
178193 
170008 
170009 
170011 
178207 
186406 
190508 
186412 
182325 
190524 
178236 
182335 
190528 
165954 
182343 
165959 
170055 
165960 
165961 
165962 
165964 
165965 
182350 
170062 
170064 
165969 
165970 
165972 
190549 
178262 
165974 
170070 
170072 
170074 
165979 
170075 
165982 
170079 
165985 
165987 
170084 
182374 
165991 
165992 
170088 
170089 
170090 
165997 
178286 
165999 
166002 
178291 
178293 
166005 
186488 
178297 
166012 
170108 
190589 
182397 
166013 
166014 
182399 
178303 
166019 
170115 
166021 
182406 
166022 
182407 
170119 
182408 
166026 
170122 
166029 
166030 
166033 
166034 
166035 
186520 
166042 
170139 
186526 
166047 
182434 
166053 
170150 
166059 
170155 
166060 
182445 
182446 
166063 
170159 
190642 
182452 
170164 
166072 
182457 
182458 
166074 
166075 
182461 
182462 
166078 
182463 
166079 
182466 
182468 
166084 
170180 
186565 
186566 
166086 
170183 
170185 
182474 
166090 
166092 
186574 
186578 
182484 
166100 
186581 
182485 
190678 
182486 
186584 
166104 
186585 
182490 
182491 
178395 
166107 
182492 
178397 
170206 
166113 
186595 
170211 
186596 
170214 
178407 
186603 
178412 
190701 
170221 
166126 
170223 
182513 
166129 
170229 
170231 
178425 
166137 
182523 
166142 
170238 
166144 
182529 
170241 
182531 
166152 
166156 
186637 
170253 
166160 
170257 
166162 
170258 
170259 
170260 
166165 
166166 
170262 
182551 
170263 
190744 
170265 
170266 
166171 
170267 
186652 
170268 
170269 
166174 
170270 
190751 
166175 
170271 
170272 
170273 
170274 
170276 
170277 
182566 
170278 
170279 
190761 
170281 
170282 
170284 
170285 
170286 
170287 
190768 
186672 
166192 
186677 
166199 
182585 
170297 
166202 
170300 
182590 
170303 
186689 
166209 
186690 
166210 
170306 
182596 
170309 
186695 
182600 
166219 
182605 
166222 
170318 
178511 
166224 
166227 
170325 
178518 
166230 
166233 
170329 
178522 
166234 
178523 
182621 
166238 
170336 
166242 
166243 
170339 
166244 
166245 
190822 
182630 
170342 
178535 
182632 
182633 
166249 
170347 
166252 
166256 
166260 
170356 
182646 
166264 
190845 
190846 
186752 
166275 
170371 
170373 
166279 
166283 
170384 
170385 
166290 
166291 
170387 
166293 
170389 
170390 
170392 
182681 
166298 
166299 
170395 
170396 
190877 
170401 
182691 
182692 
166310 
170406 
170407 
170409 
170412 
170413 
170415 
182709 
166325 
170422 
186811 
166334 
170430 
170432 
166337 
186818 
166338 
182723 
186820 
182724 
186821 
186822 
186823 
166343 
170440 
166345 
186827 
170445 
170450 
186836 
186840 
170457 
186842 
166362 
170458 
166368 
170464 
166371 
170468 
182761 
166384 
170480 
186865 
166385 
190962 
166386 
166388 
170484 
182773 
170486 
190967 
170487 
170493 
190975 
170497 
170498 
166403 
186885 
170501 
170502 
190984 
166409 
166410 
166413 
170509 
166414 
170510 
166417 
166420 
186902 
166422 
170518 
186904 
182809 
182810 
191003 
166428 
170525 
166430 
170527 
166434 
166437 
186918 
186919 
166440 
170539 
166444 
166448 
170546 
166452 
166454 
166457 
182843 
186940 
166461 
178752 
166464 
166465 
170562 
191053 
191054 
166480 
182873 
166489 
166491 
166492 
178781 
182880 
182881 
182882 
166504 
166508 
170605 
182897 
191090 
191092 
166521 
170617 
166522 
178811 
166524 
187009 
170627 
166532 
166533 
187014 
182918 
187015 
166535 
166536 
178825 
166537 
178826 
166538 
182924 
182926 
182931 
166547 
178840 
166552 
191130 
166554 
182939 
182940 
170652 
182942 
166558 
182945 
182946 
182947 
178851 
182948 
166564 
170660 
166565 
170661 
182950 
178854 
182951 
166569 
166570 
182956 
182957 
166573 
182958 
166574 
166575 
166577 
166578 
182963 
182964 
166581 
166582 
166586 
166591 
182979 
166595 
182983 
166601 
191180 
182988 
166608 
182994 
166613 
183003 
170715 
166623 
191201 
166626 
183011 
191204 
166630 
183016 
166632 
170728 
183017 
183018 
166634 
178926 
166640 
183027 
178932 
178935 
183032 
166648 
174851 
174852 
191241 
166665 
170762 
166668 
183054 
183055 
191248 
183059 
166677 
178967 
187160 
183064 
166681 
174874 
166684 
183069 
166685 
166686 
183076 
166693 
166694 
166696 
166697 
166698 
183083 
166699 
183084 
166703 
174895 
166705 
166707 
166708 
166710 
166712 
183098 
174907 
183100 
166721 
166723 
187204 
191301 
179013 
179015 
166730 
174922 
183117 
166734 
191311 
166737 
183122 
179027 
166739 
179030 
166743 
166744 
166745 
183132 
166748 
174942 
183136 
174944 
183137 
166753 
183139 
191332 
183140 
183141 
183142 
179046 
166759 
183145 
179054 
166769 
174962 
179059 
166771 
166774 
166777 
191354 
187259 
191357 
179069 
166781 
174974 
174975 
191360 
191361 
166787 
179076 
166791 
166793 
183178 
187275 
183181 
166797 
166798 
166804 
187286 
166807 
187288 
166810 
187291 
183197 
166816 
191394 
183202 
183205 
183208 
183209 
179115 
183212 
166828 
183213 
183214 
166834 
183220 
175032 
187321 
175042 
166852 
175046 
175048 
166858 
170956 
175052 
170957 
187342 
191439 
175057 
166866 
170965 
187351 
170967 
187354 
166875 
187358 
183262 
170974 
187359 
166879 
183265 
170977 
191462 
166887 
170983 
170988 
183277 
166893 
166894 
179183 
166902 
166903 
183288 
166907 
175102 
166911 
191490 
171013 
171014 
183304 
166922 
183307 
179211 
166923 
171019 
183308 
179212 
183309 
183310 
166926 
166927 
171023 
166928 
166929 
166930 
175122 
183315 
175123 
183316 
166932 
183317 
171029 
166934 
175127 
166939 
191517 
187422 
175137 
166947 
191524 
166950 
166954 
183339 
183340 
166956 
191533 
179246 
175150 
187440 
179248 
166964 
183350 
171063 
187448 
183354 
166970 
171066 
171067 
171070 
171071 
171073 
166981 
166985 
166989 
183378 
166994 
171090 
187475 
187476 
183380 
166996 
166997 
166999 
167000 
167005 
191585 
183394 
171106 
183395 
187492 
171113 
187499 
171115 
167023 
167027 
167028 
167029 
171126 
191611 
167035 
171131 
167038 
167040 
183426 
187528 
171145 
167050 
175244 
183437 
175245 
167054 
167056 
167057 
171154 
171155 
167060 
175253 
167063 
171164 
167071 
175263 
167074 
183460 
167076 
175272 
191657 
187561 
167082 
167083 
187565 
171181 
167086 
167087 
171189 
167094 
167097 
171197 
167105 
187592 
167113 
167115 
167116 
167124 
191705 
187609 
187610 
171227 
183516 
167134 
187615 
171232 
167138 
171235 
171236 
167145 
175338 
187629 
183533 
167149 
183534 
167150 
175342 
171249 
167155 
171251 
167160 
175352 
187644 
183548 
167166 
187647 
183551 
175360 
183555 
187652 
187655 
171271 
167176 
171272 
171273 
171274 
171275 
171276 
187661 
163085 
167181 
163087 
191761 
187665 
163089 
167185 
163090 
163091 
187672 
167196 
183581 
187680 
167200 
175392 
175393 
183586 
171299 
167205 
167208 
167209 
167213 
175409 
175410 
191795 
171317 
175419 
167228 
167234 
187719 
183623 
187720 
187722 
187724 
187725 
187726 
187727 
187728 
175441 
187731 
187732 
187733 
187736 
187738 
187741 
167263 
187744 
167264 
183649 
187747 
167267 
187748 
187749 
183654 
167270 
187752 
183659 
171371 
183660 
171372 
183661 
183662 
167280 
183667 
167284 
183669 
183670 
167286 
183671 
167287 
183672 
187769 
183673 
183674 
167290 
187771 
187775 
187776 
167301 
187782 
187783 
191881 
187785 
171404 
171408 
167313 
171410 
175507 
171414 
175511 
187800 
167321 
167327 
171428 
175524 
167335 
167336 
171434 
167339 
171438 
179631 
167345 
171444 
167354 
167355 
187838 
171454 
171458 
167364 
171461 
175557 
167366 
171462 
167367 
171463 
167368 
171465 
167370 
171468 
191949 
191950 
187855 
171472 
167379 
183764 
191957 
167381 
191961 
167386 
167387 
171483 
175579 
191964 
171484 
167389 
175581 
171486 
167392 
175585 
167395 
175587 
191973 
183781 
183783 
183784 
167404 
175596 
175598 
167409 
187890 
183801 
167417 
187898 
167419 
175611 
187900 
183804 
187901 
167422 
175617 
171522 
192005 
167431 
167432 
167436 
183822 
171535 
167442 
171544 
167450 
167452 
187934 
171550 
187935 
187938 
171554 
171557 
187942 
187944 
171562 
187948 
192045 
187950 
187955 
171571 
167480 
167481 
167482 
167483 
167484 
167489 
187970 
167490 
167491 
187972 
167492 
167493 
167494 
175686 
167495 
167496 
187977 
167497 
187978 
167498 
167499 
171595 
175691 
167500 
167501 
187982 
167502 
175694 
167503 
171600 
192081 
171601 
167506 
171602 
163411 
187989 
167514 
192094 
192095 
192097 
167522 
167523 
188004 
167524 
167525 
192103 
188007 
171623 
167529 
179819 
167531 
167532 
167533 
167534 
183919 
188016 
167537 
167538 
167539 
183924 
167543 
167544 
192123 
171644 
171645 
192128 
192129 
192130 
175746 
167555 
179844 
167556 
192134 
175750 
175751 
175752 
179850 
175754 
167563 
175755 
183950 
192144 
183953 
167573 
167576 
171672 
192157 
167584 
192161 
183969 
167585 
171682 
183971 
167587 
175780 
167589 
167590 
167596 
167599 
171695 
167600 
167601 
171697 
175793 
167603 
192180 
167604 
167605 
167606 
167613 
167614 
167616 
167617 
167618 
175810 
167619 
171718 
167623 
167627 
171724 
171726 
167631 
188112 
184017 
188114 
184018 
167636 
167637 
184022 
188119 
167639 
167641 
179932 
179934 
167646 
167647 
171746 
167652 
175844 
171749 
167655 
167656 
171752 
167658 
184043 
167659 
175851 
175857 
184050 
184051 
163573 
167671 
171767 
167673 
175866 
167675 
184061 
171775 
171776 
175872 
184065 
179971 
171779 
184068 
171781 
188174 
184082 
167698 
188179 
184088 
184089 
171804 
184096 
180002 
184101 
167717 
167720 
180013 
184111 
184116 
167732 
167735 
184122 
167738 
167739 
171835 
171836 
184126 
184128 
171841 
171846 
167751 
184137 
167754 
171850 
167756 
171853 
171854 
171855 
171856 
167761 
167762 
167766 
167767 
167774 
167783 
184172 
167790 
167792 
184179 
163700 
171892 
184181 
188279 
171896 
167801 
171897 
171901 
163710 
188289 
171905 
167810 
188293 
167815 
180104 
167817 
188298 
167822 
167823 
167825 
188307 
163731 
163732 
184213 
167830 
184215 
163736 
188313 
184223 
180127 
167843 
163753 
184234 
188332 
188333 
188335 
167855 
184248 
184250 
192447 
167871 
163777 
163778 
167876 
163783 
163784 
167880 
163785 
163787 
167886 
192463 
167887 
171984 
167889 
192466 
167890 
167891 
167892 
163797 
167894 
167895 
167896 
171992 
192473 
167897 
171993 
167899 
167900 
167901 
167902 
167903 
167904 
167905 
172001 
184290 
167906 
167907 
167908 
167909 
167911 
167912 
188395 
188396 
188397 
188398 
167919 
180208 
167920 
167921 
188402 
188403 
184309 
163829 
184310 
163830 
167926 
188411 
163836 
167932 
184317 
167933 
188414 
184318 
)

// ************************************************************************* //
