/*--------------------------------*- C++ -*----------------------------------*\
  =========                 |
  \\      /  F ield         | OpenFOAM: The Open Source CFD Toolbox
   \\    /   O peration     | Website:  https://openfoam.org
    \\  /    A nd           | Version:  8
     \\/     M anipulation  |
\*---------------------------------------------------------------------------*/
FoamFile
{
    version     2.0;
    format      ascii;
    class       faceSet;
    location    "constant/polyMesh/sets";
    object      wrongFaces;
}
// * * * * * * * * * * * * * * * * * * * * * * * * * * * * * * * * * * * * * //


8918
(
32774 
32775 
32776 
32777 
16409 
16410 
16411 
16412 
49206 
49207 
49208 
65592 
49209 
65593 
65594 
65595 
81991 
32839 
81992 
32840 
81993 
32841 
81994 
32842 
82005 
82006 
82007 
82008 
82023 
82024 
82025 
82026 
82049 
82050 
82051 
82052 
82065 
82066 
82067 
82068 
32916 
32917 
32918 
32919 
16550 
16551 
16552 
16553 
32948 
32949 
32950 
32951 
82127 
82128 
82129 
82130 
32988 
32989 
32990 
32991 
82148 
82149 
82150 
82151 
49383 
49384 
49385 
49386 
82162 
82163 
82164 
82165 
82168 
49400 
82169 
49401 
82170 
49402 
82171 
49403 
82174 
82175 
82176 
82177 
49415 
33032 
49416 
33033 
49417 
33034 
49418 
33035 
82232 
82233 
82234 
82235 
33090 
33091 
33092 
33093 
49483 
49484 
49485 
65869 
49486 
65870 
65871 
65872 
65884 
49501 
65885 
49502 
65886 
49503 
65887 
49504 
65895 
65896 
65897 
65898 
33133 
33134 
33135 
33136 
65906 
65907 
65908 
65909 
82298 
82299 
82300 
82301 
65917 
65918 
65919 
65920 
16778 
82315 
16779 
82316 
16780 
82317 
16781 
82318 
82321 
82322 
82323 
82324 
82327 
82328 
82329 
82330 
82333 
82334 
65950 
82335 
65951 
82336 
65952 
65953 
33189 
33190 
33191 
33192 
49624 
49625 
49626 
49627 
33263 
33264 
33265 
33266 
82463 
82464 
82465 
82466 
49702 
49703 
49704 
49705 
82476 
82477 
82478 
82479 
82482 
82483 
82484 
82485 
82488 
82489 
82490 
82491 
82494 
82495 
82496 
82497 
82512 
82513 
82514 
82515 
17006 
17007 
17008 
17009 
33441 
33442 
33443 
33444 
49835 
66219 
49836 
66220 
49837 
66221 
49838 
66222 
66230 
66231 
66232 
66233 
49850 
49851 
49852 
49853 
66237 
66238 
66239 
66240 
82625 
82626 
82627 
82628 
66244 
66245 
66246 
66247 
17098 
17099 
66251 
17100 
66252 
17101 
66253 
66254 
66258 
66259 
82644 
66260 
82645 
66261 
82646 
82647 
82657 
82658 
82659 
82660 
82663 
82664 
82665 
82666 
82669 
82670 
82671 
82672 
66288 
66289 
66290 
82675 
66291 
82676 
82677 
82678 
33526 
33527 
33528 
33529 
49927 
49928 
49929 
49930 
82729 
82730 
82731 
82732 
82744 
82745 
82746 
82747 
17239 
17240 
17241 
17242 
33663 
33664 
33665 
33666 
50050 
50051 
50052 
50053 
82824 
82825 
82826 
82827 
17295 
17296 
17297 
17298 
82837 
82838 
82839 
50071 
82840 
50072 
50073 
50074 
82843 
82844 
82845 
82846 
82849 
82850 
82851 
82852 
50086 
82855 
50087 
148392 
82856 
50088 
82857 
50089 
82858 
148399 
148401 
17329 
148402 
17330 
148403 
17331 
17332 
17400 
17401 
17402 
17403 
66561 
66562 
66563 
66564 
50183 
50184 
50185 
50186 
66572 
66573 
66574 
66575 
66579 
66580 
66581 
66582 
66586 
66587 
66588 
66589 
17438 
17439 
17440 
17441 
66593 
66594 
66595 
66596 
66600 
66601 
66602 
82987 
66603 
82988 
82989 
82990 
66607 
66608 
66609 
66610 
83008 
83009 
83010 
83011 
83021 
83022 
83023 
66639 
83024 
66640 
66641 
66642 
83027 
83028 
83029 
83030 
83033 
83034 
83035 
83036 
17508 
17509 
17510 
83047 
17511 
83048 
83049 
83050 
66689 
66690 
66691 
66692 
148613 
148614 
148615 
50316 
50317 
50318 
50319 
148624 
148625 
148626 
66706 
148627 
66707 
66708 
66709 
1183 
1184 
66720 
1185 
66721 
1186 
66722 
66723 
66730 
66731 
66732 
66733 
1198 
1199 
1200 
1201 
1209 
1210 
1211 
1212 
66761 
66762 
66763 
66764 
66768 
66769 
66770 
66771 
66778 
66779 
66780 
66781 
66788 
66789 
66790 
66791 
1262 
66798 
1263 
66799 
1264 
50416 
66800 
1265 
50417 
66801 
50418 
50419 
66808 
66809 
83194 
66810 
83195 
66811 
83196 
83197 
1277 
1278 
1279 
1280 
66818 
66819 
1284 
66820 
1285 
66821 
1286 
83207 
17671 
1287 
83208 
17672 
83209 
17673 
83210 
17674 
1291 
1292 
66828 
83213 
1293 
66829 
83214 
1294 
34062 
66830 
83215 
34063 
66831 
83216 
34064 
34065 
83219 
83220 
83221 
83222 
66838 
66839 
66840 
66841 
66848 
66849 
66850 
66851 
66858 
66859 
66860 
66861 
66868 
66869 
1334 
66870 
1335 
66871 
1336 
17721 
1337 
17722 
17723 
17724 
66878 
66879 
66880 
66881 
1349 
1350 
1351 
1352 
66888 
66889 
66890 
66891 
1360 
1361 
1362 
66898 
1363 
66899 
66900 
66901 
83286 
83287 
1367 
83288 
1368 
83289 
1369 
1370 
66908 
66909 
1374 
66910 
1375 
66911 
1376 
1377 
1381 
83302 
1382 
66918 
83303 
1383 
66919 
83304 
1384 
66920 
83305 
66921 
17775 
17776 
66928 
17777 
66929 
17778 
66930 
66931 
34165 
34166 
34167 
34168 
66938 
66939 
66940 
66941 
17792 
17793 
17794 
17795 
34180 
66948 
34181 
66949 
34182 
66950 
34183 
66951 
66958 
34191 
66959 
1424 
34192 
66960 
1425 
34193 
66961 
1426 
34194 
1427 
66968 
66969 
34202 
66970 
34203 
66971 
34204 
34205 
1439 
1440 
1441 
1442 
34213 
1446 
34214 
1447 
34215 
1448 
34216 
1449 
1453 
1454 
1455 
1456 
34224 
34225 
34226 
34227 
1460 
1461 
1462 
1463 
1467 
34235 
1468 
34236 
1469 
34237 
1470 
34238 
83391 
83392 
83393 
83394 
1474 
1475 
1476 
1477 
83404 
83405 
83406 
83407 
83410 
83411 
83412 
83413 
83416 
83417 
83418 
83419 
1523 
1524 
1525 
1526 
1534 
50686 
1535 
50687 
1536 
50688 
1537 
50689 
1541 
50693 
1542 
50694 
1543 
50695 
1544 
50696 
1548 
1549 
1550 
1551 
50704 
50705 
50706 
1555 
50707 
1556 
1557 
1558 
1562 
1563 
50715 
1564 
50716 
1565 
50717 
50718 
1569 
17954 
1570 
17955 
1571 
17956 
1572 
17957 
34351 
67119 
34352 
67120 
34353 
67121 
34354 
67122 
67130 
67131 
67132 
67133 
34366 
34367 
34368 
34369 
67137 
67138 
67139 
67140 
34373 
34374 
34375 
34376 
67144 
67145 
67146 
67147 
34380 
34381 
34382 
34383 
67151 
67152 
1617 
67153 
1618 
67154 
1619 
34387 
1620 
34388 
34389 
34390 
67158 
67159 
67160 
67161 
34394 
34395 
34396 
34397 
67165 
67166 
67167 
1632 
67168 
1633 
34401 
1634 
34402 
1635 
34403 
34404 
67172 
67173 
67174 
1639 
67175 
1640 
34408 
1641 
34409 
1642 
34410 
34411 
83565 
83566 
1646 
83567 
1647 
34415 
83568 
1648 
34416 
1649 
34417 
34418 
149107 
18035 
18036 
18037 
1653 
18038 
1654 
1655 
1656 
1660 
1661 
1662 
1663 
83586 
67202 
83587 
1667 
67203 
83588 
1668 
67204 
83589 
1669 
67205 
1670 
67216 
67217 
67218 
67219 
83608 
83609 
83610 
67226 
83611 
67227 
67228 
67229 
67236 
67237 
67238 
67239 
50857 
50858 
50859 
50860 
67246 
67247 
67248 
67249 
50872 
67256 
50873 
67257 
50874 
67258 
50875 
67259 
1724 
1725 
1726 
1727 
50883 
50884 
50885 
50886 
1735 
1736 
1737 
1738 
1742 
1743 
1744 
1745 
34513 
34514 
34515 
34516 
1749 
1750 
1751 
1752 
1756 
1757 
1758 
1759 
1763 
1764 
1765 
1766 
34534 
34535 
34536 
34537 
1770 
1771 
1772 
1773 
34549 
34550 
34551 
34552 
34556 
34557 
34558 
34559 
34563 
34564 
34565 
34566 
34570 
34571 
34572 
34573 
34577 
34578 
34579 
34580 
34584 
34585 
34586 
34587 
34591 
34592 
34593 
34594 
34598 
34599 
1832 
34600 
1833 
34601 
1834 
1835 
34605 
34606 
34607 
34608 
1843 
1844 
1845 
1846 
83769 
83770 
1850 
83771 
1851 
83772 
1852 
1853 
1857 
1858 
1859 
1860 
1864 
1865 
1866 
1867 
1871 
1872 
1873 
1874 
83797 
83798 
1878 
83799 
1879 
83800 
1880 
1881 
67442 
67443 
67444 
67445 
83859 
1939 
83860 
1940 
83861 
1941 
83862 
1942 
1954 
149411 
83875 
1955 
83876 
1956 
83877 
1957 
34725 
83878 
34726 
34727 
34728 
1961 
1962 
1963 
1964 
1968 
34736 
1969 
34737 
1970 
34738 
1971 
34739 
1975 
34743 
1976 
34744 
1977 
34745 
51129 
1978 
34746 
51130 
51131 
51132 
1982 
34750 
1983 
34751 
1984 
34752 
1985 
34753 
1989 
34757 
1990 
34758 
1991 
34759 
1992 
34760 
34764 
34765 
34766 
34767 
34771 
100308 
34772 
100309 
34773 
100310 
34774 
100311 
34778 
34779 
100316 
34780 
100317 
34781 
67549 
100318 
67550 
100319 
67551 
67552 
34785 
34786 
34787 
34788 
34792 
34793 
34794 
34795 
100338 
100339 
83955 
100340 
83956 
100341 
83957 
83958 
100346 
100347 
100348 
100349 
67582 
67583 
67584 
67585 
116738 
83975 
83976 
83977 
67593 
83978 
67594 
67595 
67596 
2061 
2062 
2063 
2064 
67600 
67601 
67602 
67603 
83991 
67607 
83992 
67608 
83993 
67609 
83994 
67610 
2075 
2076 
2077 
2078 
67614 
67615 
67616 
67617 
2085 
67621 
2086 
67622 
2087 
67623 
2088 
67624 
2092 
67628 
2093 
67629 
2094 
67630 
2095 
67631 
18482 
18483 
2099 
67635 
18484 
2100 
67636 
18485 
2101 
67637 
2102 
67638 
51255 
51256 
51257 
2106 
51258 
67642 
2107 
67643 
2108 
67644 
2109 
67645 
2113 
51265 
2114 
51266 
2115 
51267 
2116 
51268 
34917 
34918 
34919 
34920 
34928 
34929 
34930 
34931 
34935 
34936 
34937 
67705 
34938 
67708 
67709 
18558 
34942 
18559 
34943 
18560 
34944 
18561 
34945 
34949 
34950 
34951 
34952 
34956 
34957 
34958 
34959 
67727 
34963 
34964 
34965 
34966 
2201 
2202 
34970 
2203 
34971 
2204 
34972 
34973 
34977 
34978 
34979 
34980 
2215 
2216 
34984 
2217 
34985 
67753 
2218 
34986 
67754 
34987 
67755 
67756 
34991 
34992 
2225 
34993 
2226 
34994 
2227 
2228 
2232 
2233 
2234 
2235 
51389 
51390 
51391 
51392 
51409 
51410 
51411 
51412 
84184 
84185 
84186 
84187 
18657 
18658 
18659 
18660 
67877 
2342 
67878 
2343 
67879 
2344 
67880 
2345 
51498 
51499 
51500 
51501 
67888 
35121 
67889 
35122 
67890 
18739 
35123 
67891 
18740 
35124 
51508 
18741 
51509 
18742 
51510 
51511 
67895 
67896 
67897 
67898 
35132 
35133 
35134 
51518 
67902 
35135 
51519 
67903 
51520 
67904 
51521 
67905 
35139 
35140 
35141 
67909 
35142 
67910 
67911 
51528 
67912 
51529 
35146 
51530 
35147 
51531 
35148 
67916 
35149 
67917 
67918 
67919 
35153 
35154 
51538 
35155 
51539 
67923 
35156 
51540 
67924 
51541 
67925 
67926 
35160 
35161 
35162 
67930 
133467 
35163 
67931 
133468 
51548 
67932 
133469 
51549 
67933 
133470 
51550 
35167 
51551 
35168 
35169 
67937 
35170 
67938 
67939 
67940 
35174 
51558 
35175 
51559 
35176 
51560 
67944 
133481 
35177 
51561 
67945 
67946 
67947 
35181 
35182 
35183 
35184 
51568 
51569 
51570 
51571 
35188 
35189 
35190 
35191 
51578 
35195 
51579 
35196 
51580 
35197 
51581 
35198 
51588 
51589 
51590 
51591 
35213 
35214 
51598 
35215 
51599 
35216 
51600 
51601 
51608 
51609 
51610 
51611 
84384 
84385 
84386 
51618 
84387 
51619 
51620 
51621 
51628 
51629 
51630 
51631 
51638 
51639 
51640 
51641 
68039 
68040 
68041 
84426 
68042 
84427 
84428 
84429 
84440 
84441 
84442 
84443 
51675 
51676 
51677 
51678 
84458 
84459 
84460 
84461 
18943 
18944 
18945 
18946 
35335 
35336 
35337 
35338 
35346 
35347 
35348 
35349 
35353 
35354 
35355 
35356 
35360 
35361 
35362 
35363 
35367 
35368 
35369 
35370 
35374 
35375 
35376 
35377 
35381 
35382 
35383 
35384 
68155 
35388 
68156 
35389 
68157 
35390 
68158 
35391 
35395 
35396 
35397 
35398 
68166 
68167 
68168 
68169 
84554 
35402 
84555 
35403 
84556 
35404 
84557 
35405 
68173 
68174 
68175 
68176 
35409 
35410 
35411 
35412 
68180 
68181 
68182 
68183 
35416 
35417 
35418 
35419 
68187 
68188 
68189 
68190 
68194 
68195 
51812 
68196 
51813 
68197 
51814 
51815 
68201 
68202 
68203 
68204 
68208 
68209 
51826 
68210 
51827 
68211 
51828 
2677 
51829 
2678 
2679 
68215 
2680 
68216 
68217 
68218 
68222 
68223 
68224 
68225 
51842 
51843 
51844 
51845 
68229 
68230 
68231 
68232 
51852 
51853 
51854 
51855 
68240 
68241 
68242 
68243 
51862 
51863 
51864 
51865 
51872 
51873 
51874 
51875 
84652 
84653 
84654 
84655 
133808 
133813 
133814 
133815 
133819 
133820 
133821 
133822 
133823 
133827 
133828 
133829 
84680 
84681 
84682 
35530 
84683 
35531 
35532 
35533 
51921 
51922 
51923 
51924 
84700 
84701 
84702 
84703 
133864 
133865 
133866 
84714 
84715 
35563 
133868 
84716 
35564 
133869 
84717 
35565 
133870 
35566 
84724 
133877 
84725 
133878 
84726 
35574 
133879 
84727 
35575 
133880 
35576 
35577 
84730 
84731 
84732 
84733 
2813 
35581 
2814 
35582 
2815 
35583 
2816 
35584 
35588 
35589 
35590 
84743 
35591 
84744 
84745 
84746 
35595 
2828 
35596 
2829 
35597 
2830 
35598 
2831 
35602 
2835 
35603 
2836 
35604 
2837 
35605 
2838 
19224 
19225 
35609 
19226 
35610 
19227 
35611 
35612 
35616 
35617 
35618 
35619 
35623 
35624 
35625 
35626 
35630 
35631 
35632 
35633 
35637 
35638 
52022 
35639 
52023 
35640 
52024 
52025 
35644 
35645 
35646 
35647 
35651 
35652 
35653 
35654 
68423 
68424 
68425 
68426 
68434 
68435 
68436 
68437 
68441 
68442 
68443 
68444 
68448 
68449 
68450 
68451 
68455 
68456 
68457 
68458 
84843 
84844 
84845 
84846 
68462 
68463 
68464 
68465 
68469 
68470 
68471 
68472 
68476 
68477 
68478 
68479 
68483 
68484 
68485 
68486 
2952 
2953 
2954 
68490 
2955 
68491 
68492 
68493 
68497 
68498 
68499 
68500 
2967 
2968 
68504 
2969 
68505 
2970 
68506 
68507 
2978 
2979 
2980 
2981 
52135 
52136 
2985 
52137 
2986 
52138 
2987 
2988 
2992 
2993 
2994 
2995 
2999 
3000 
3001 
3002 
3010 
3011 
3012 
3013 
84937 
84938 
84939 
84940 
35799 
35800 
134105 
35801 
134106 
35802 
134107 
134112 
134114 
35810 
134115 
35811 
134116 
35812 
35813 
84969 
35817 
84970 
35818 
84971 
35819 
84972 
35820 
35824 
35825 
35826 
35827 
35831 
35832 
84985 
35833 
84986 
35834 
84987 
84988 
35838 
35839 
35840 
35841 
84995 
84996 
84997 
35845 
52229 
84998 
35846 
52230 
35847 
52231 
35848 
52232 
85001 
85002 
85003 
85004 
35852 
35853 
35854 
35855 
35859 
35860 
35861 
35862 
35866 
35867 
35868 
35869 
85023 
85024 
85025 
35873 
85026 
35874 
35875 
35876 
35880 
35881 
35882 
35883 
35887 
3120 
35888 
3121 
35889 
3122 
35890 
3123 
68664 
68665 
68666 
68667 
3135 
3136 
3137 
3138 
3142 
68678 
3143 
68679 
3144 
68680 
3145 
68681 
3149 
68685 
3150 
68686 
3151 
68687 
3152 
68688 
3156 
68692 
3157 
68693 
3158 
68694 
3159 
68695 
3163 
68699 
3164 
68700 
3165 
68701 
3166 
68702 
3170 
68706 
3171 
68707 
3172 
68708 
3173 
68709 
3177 
68713 
3178 
68714 
3179 
68715 
3180 
68716 
3184 
68720 
3185 
68721 
3186 
68722 
3187 
68723 
68727 
68728 
68729 
68730 
68734 
68735 
68736 
68737 
52356 
52357 
52358 
52359 
68744 
68745 
68746 
68747 
52376 
52377 
52378 
52379 
85191 
85192 
85193 
19657 
85194 
19658 
19659 
68811 
19660 
68812 
68813 
36046 
68814 
36047 
36048 
36049 
3288 
3289 
36057 
3290 
36058 
3291 
36059 
85212 
36060 
85213 
85214 
85215 
36064 
36065 
36066 
36067 
3303 
36071 
3304 
36072 
3305 
36073 
3306 
36074 
3310 
36078 
3311 
36079 
3312 
36080 
3313 
36081 
3317 
36085 
3318 
36086 
3319 
36087 
3320 
36088 
3324 
36092 
3325 
36093 
3326 
36094 
3327 
36095 
85250 
85251 
3331 
36099 
85252 
3332 
36100 
85253 
3333 
36101 
3334 
36102 
3338 
36106 
3339 
36107 
3340 
36108 
3341 
36109 
3345 
36113 
3346 
36114 
3347 
36115 
3348 
36116 
68885 
68886 
68887 
3352 
36120 
68888 
3353 
36121 
3354 
36122 
3355 
36123 
3359 
36127 
3360 
36128 
68896 
3361 
36129 
68897 
3362 
36130 
68898 
68899 
52517 
36134 
52518 
36135 
52519 
68903 
36136 
52520 
68904 
36137 
68905 
68906 
68910 
68911 
68912 
68913 
68917 
68918 
68919 
68920 
68924 
150845 
68925 
150846 
68926 
68927 
150851 
68931 
150852 
68932 
68933 
68934 
68941 
68942 
68943 
68944 
150905 
3459 
3460 
3461 
3462 
69001 
69002 
150923 
69003 
150924 
69004 
150925 
150926 
3474 
3475 
3476 
3477 
3481 
3482 
3483 
3484 
36255 
52639 
3488 
36256 
52640 
3489 
36257 
52641 
3490 
36258 
52642 
3491 
3495 
3496 
3497 
3498 
3502 
3503 
3504 
3505 
85429 
3509 
85430 
3510 
85431 
3511 
85432 
3512 
3516 
3517 
3518 
3519 
3523 
3524 
3525 
3526 
69062 
69063 
69064 
69065 
3530 
3531 
3532 
3533 
36302 
36303 
36304 
3537 
36305 
3538 
3539 
3540 
69076 
69077 
69078 
69079 
69086 
69087 
36320 
69088 
36321 
69089 
36322 
36323 
85479 
36327 
85480 
36328 
69096 
85481 
36329 
69097 
85482 
36330 
69098 
69099 
36334 
36335 
36336 
36337 
69106 
69107 
69108 
36341 
69109 
36342 
36343 
36344 
36348 
69116 
36349 
69117 
36350 
69118 
36351 
69119 
36355 
36356 
36357 
36358 
36362 
36363 
36364 
36365 
52750 
52751 
52752 
36369 
52753 
36370 
36371 
36372 
36376 
36377 
151066 
36378 
151067 
36379 
151068 
151069 
36383 
36384 
36385 
36386 
36390 
36391 
36392 
36393 
36397 
36398 
36399 
36400 
3634 
3635 
69171 
3636 
36404 
69172 
3637 
36405 
69173 
36406 
69174 
36407 
20026 
20027 
20028 
20029 
3649 
3650 
3651 
3652 
36423 
36424 
36425 
36426 
3660 
3661 
69197 
3662 
69198 
3663 
69199 
69200 
3667 
3668 
3669 
3670 
3674 
3675 
3676 
3677 
3681 
3682 
3683 
3684 
3688 
3689 
3690 
3691 
3695 
3696 
3697 
3698 
3702 
3703 
3704 
3705 
3709 
3710 
3711 
3712 
3716 
3717 
3718 
3719 
3723 
3724 
3725 
3726 
3730 
3731 
3732 
3733 
85667 
85668 
85669 
85670 
20162 
20163 
20164 
20165 
85713 
85714 
85715 
85716 
85727 
85728 
85729 
85730 
3813 
3814 
3815 
3816 
36590 
36591 
36592 
36593 
3828 
3829 
3830 
3831 
36604 
36605 
36606 
3839 
36607 
3840 
3841 
3842 
36611 
36612 
69380 
36613 
69381 
36614 
69382 
69383 
3850 
36618 
3851 
36619 
3852 
36620 
3853 
36621 
3857 
36625 
3858 
36626 
3859 
36627 
3860 
36628 
3864 
36632 
3865 
36633 
3866 
36634 
3867 
36635 
151326 
151327 
3871 
36639 
3872 
36640 
3873 
36641 
3874 
36642 
3878 
36646 
3879 
36647 
3880 
36648 
3881 
36649 
3885 
36653 
3886 
36654 
3887 
36655 
3888 
36656 
3892 
36660 
3893 
36661 
3894 
36662 
3895 
36663 
20280 
20281 
20282 
20283 
3899 
36667 
3900 
36668 
3901 
36669 
3902 
36670 
69440 
69441 
3906 
36674 
69442 
3907 
36675 
69443 
3908 
36676 
3909 
36677 
3913 
36681 
3914 
36682 
3915 
36683 
3916 
36684 
3920 
3921 
3922 
3923 
3927 
3928 
3929 
3930 
36700 
36701 
3934 
36702 
3935 
36703 
3936 
3937 
3977 
3978 
3979 
3980 
85907 
85908 
85909 
85910 
3992 
118681 
3993 
118682 
3994 
118683 
3995 
118684 
4003 
4004 
4005 
4006 
4014 
118703 
4015 
118704 
4016 
118705 
4017 
118706 
20402 
20403 
20404 
20405 
151478 
151479 
151480 
151481 
4025 
4026 
4027 
4028 
4036 
4037 
85958 
4038 
85959 
4039 
85960 
85961 
151500 
151501 
151502 
4047 
4048 
4049 
4050 
85972 
85973 
85974 
85975 
69591 
69592 
69593 
85978 
4058 
69594 
85979 
4059 
85980 
4060 
85981 
4061 
151522 
151523 
151524 
151525 
4069 
4070 
4071 
4072 
4076 
4077 
4078 
4079 
151539 
4083 
4084 
4085 
4086 
4090 
4091 
4092 
4093 
4097 
53249 
4098 
53250 
4099 
53251 
4100 
53252 
4104 
4105 
4106 
4107 
4111 
4112 
4113 
4114 
4118 
4119 
53271 
4120 
53272 
4121 
53273 
36890 
53274 
36891 
36892 
4125 
36893 
4126 
4127 
4128 
4132 
4133 
4134 
4135 
36904 
36905 
36906 
4139 
36907 
4140 
4141 
4142 
36911 
36912 
36913 
4146 
36914 
4147 
4148 
4149 
36918 
36919 
36920 
4153 
36921 
4154 
4155 
4156 
36925 
36926 
36927 
4160 
36928 
4161 
4162 
4163 
36932 
36933 
36934 
4167 
36935 
4168 
4169 
4170 
36939 
36940 
36941 
4174 
36942 
4175 
4176 
4177 
36946 
36947 
36948 
36949 
36953 
36954 
36955 
36956 
36960 
36961 
36962 
36963 
36967 
36968 
36969 
36970 
36974 
36975 
36976 
36977 
4214 
4215 
69751 
4216 
69752 
4217 
69753 
69754 
53378 
53379 
53380 
4229 
53381 
86150 
4230 
86151 
4231 
86152 
4232 
86153 
4236 
4237 
4238 
4239 
4243 
86164 
4244 
86165 
4245 
86166 
4246 
86167 
4250 
4251 
4252 
4253 
4257 
4258 
53410 
4259 
53411 
4260 
53412 
20645 
53413 
20646 
20647 
20648 
4264 
4265 
4266 
4267 
4271 
4272 
4273 
4274 
4278 
4279 
4280 
4281 
4285 
4286 
4287 
4288 
4292 
4293 
86214 
4294 
53446 
86215 
4295 
53447 
86216 
53448 
86217 
53449 
4299 
4300 
4301 
4302 
4306 
4307 
86228 
4308 
86229 
4309 
86230 
86231 
4313 
86234 
4314 
86235 
4315 
86236 
4316 
86237 
86240 
4320 
86241 
4321 
86242 
4322 
86243 
4323 
86246 
86247 
4327 
86248 
4328 
86249 
4329 
4330 
4334 
4335 
4336 
4337 
4341 
4342 
4343 
4344 
4348 
4349 
4350 
4351 
4355 
4356 
4357 
4358 
4362 
4363 
4364 
4365 
4369 
4370 
20755 
4371 
20756 
4372 
20757 
20758 
4376 
4377 
4378 
4379 
4383 
4384 
4385 
4386 
53542 
53543 
53544 
53545 
4423 
4424 
4425 
4426 
4438 
37206 
4439 
37207 
4440 
37208 
4441 
37209 
4445 
4446 
4447 
4448 
4452 
37220 
4453 
37221 
4454 
37222 
4455 
37223 
4459 
37227 
4460 
37228 
4461 
37229 
4462 
37230 
4466 
37234 
4467 
37235 
4468 
37236 
4469 
37237 
4473 
37241 
4474 
37242 
4475 
37243 
4476 
37244 
4480 
37248 
4481 
37249 
4482 
37250 
4483 
37251 
4487 
37255 
4488 
37256 
4489 
37257 
4490 
37258 
4494 
37262 
4495 
37263 
4496 
37264 
4497 
37265 
4501 
37269 
4502 
37270 
4503 
37271 
4504 
37272 
4508 
37276 
4509 
37277 
4510 
37278 
4511 
37279 
4515 
37283 
4516 
37284 
4517 
37285 
4518 
37286 
53670 
53671 
53672 
53673 
4522 
119211 
4523 
119212 
4524 
119213 
4525 
119214 
4529 
4530 
4531 
4532 
70068 
70069 
70070 
70071 
4536 
4537 
4538 
4539 
37309 
37310 
4543 
37311 
4544 
37312 
4545 
4546 
119236 
119237 
119238 
4550 
119239 
4551 
4552 
4553 
70090 
70091 
70092 
70093 
4557 
4558 
4559 
4560 
4564 
4565 
4566 
4567 
70105 
70106 
70107 
4571 
70108 
4572 
20957 
4573 
20958 
4574 
20959 
86496 
20960 
86497 
86498 
4578 
86499 
4579 
4580 
4581 
4585 
4586 
4587 
4588 
86512 
4592 
86513 
4593 
86514 
4594 
53746 
86515 
4595 
53747 
53748 
53749 
4599 
4600 
4601 
86522 
4602 
86523 
20987 
86524 
20988 
86525 
20989 
20990 
21001 
21002 
70155 
21003 
70156 
21004 
70157 
70158 
135698 
4647 
4648 
86569 
4649 
86570 
4650 
86571 
86572 
4661 
4662 
86583 
21047 
4663 
86584 
21048 
4664 
86585 
21049 
86586 
21050 
70203 
70204 
70205 
70206 
4671 
4672 
4673 
4674 
4678 
86599 
4679 
86600 
4680 
86601 
4681 
86602 
86605 
4685 
86606 
4686 
86607 
4687 
86608 
4688 
4692 
4693 
4694 
4695 
4699 
4700 
4701 
4702 
4706 
4707 
4708 
4709 
4713 
4714 
4715 
4716 
4720 
86641 
4721 
86642 
4722 
86643 
4723 
86644 
4727 
4728 
4729 
4730 
4734 
4735 
4736 
4737 
4741 
4742 
4743 
4744 
4748 
4749 
4750 
4751 
4755 
4756 
4757 
4758 
4762 
4763 
21148 
4764 
21149 
4765 
21150 
21151 
86689 
4769 
86690 
4770 
86691 
4771 
86692 
70308 
4772 
152229 
70309 
152230 
70310 
37542 
152231 
70311 
37543 
152232 
4776 
37544 
4777 
37545 
152234 
4778 
53930 
152235 
4779 
53931 
152236 
53932 
152237 
53933 
4783 
4784 
4785 
4786 
37556 
37557 
4790 
37558 
4791 
37559 
4792 
4793 
4797 
4798 
37566 
4799 
37567 
4800 
37568 
37569 
4804 
4805 
4806 
4807 
37576 
37577 
37578 
4811 
37579 
4812 
4813 
4814 
37583 
37584 
37585 
4818 
37586 
4819 
4820 
4821 
37590 
37591 
37592 
37593 
37600 
37601 
37602 
37603 
53991 
53992 
53993 
37610 
53994 
37611 
37612 
37613 
37620 
37621 
37622 
37623 
4876 
4877 
4878 
4879 
37651 
37652 
135957 
37653 
37654 
4890 
4891 
4892 
4893 
4900 
21285 
4901 
21286 
4902 
21287 
4903 
21288 
4907 
4908 
86829 
4909 
86830 
4910 
86831 
86832 
4914 
4915 
4916 
4917 
4921 
152378 
4922 
152379 
4923 
152380 
4924 
4928 
4929 
4930 
4931 
4935 
4936 
4937 
4938 
4942 
70479 
4943 
70480 
4944 
70481 
4945 
70482 
4949 
4950 
4951 
4952 
4956 
4957 
4958 
4959 
4963 
4964 
4965 
4966 
4970 
4971 
4972 
4973 
4977 
4978 
4979 
4980 
4984 
4985 
4986 
4987 
4991 
4992 
4993 
4994 
4998 
86919 
4999 
86920 
5000 
86921 
70537 
21385 
5001 
86922 
70538 
21386 
70539 
21387 
70540 
21388 
5005 
5006 
5007 
5008 
152468 
86932 
5012 
152469 
86933 
5013 
152470 
86934 
5014 
86935 
5015 
37785 
37786 
5019 
37787 
5020 
37788 
5021 
5022 
5026 
5027 
5028 
5029 
86974 
86975 
86976 
86977 
54210 
54211 
54212 
54213 
54227 
54228 
86997 
54229 
86998 
54230 
86999 
87000 
5091 
5092 
5093 
5094 
87021 
87022 
87023 
87024 
5105 
5106 
87027 
5107 
87028 
5108 
87029 
87030 
5115 
87036 
5116 
87037 
5117 
87038 
5118 
87039 
5125 
5126 
5127 
5128 
5135 
21520 
5136 
87057 
21521 
5137 
87058 
21522 
5138 
87059 
21523 
87060 
5145 
5146 
5147 
5148 
5152 
5153 
5154 
5155 
5159 
5160 
5161 
5162 
5166 
5167 
37935 
5168 
37936 
5169 
37937 
37938 
5173 
5174 
5175 
5176 
5180 
5181 
37949 
5182 
37950 
5183 
37951 
37952 
5187 
5188 
5189 
5190 
21578 
5194 
21579 
5195 
21580 
5196 
21581 
5197 
5201 
5202 
5203 
5204 
5208 
5209 
5210 
5211 
5215 
5216 
5217 
5218 
5222 
70759 
5223 
70760 
5224 
70761 
5225 
70762 
5229 
5230 
5231 
37999 
5232 
38000 
38001 
38002 
70829 
70830 
70831 
70832 
5313 
136386 
5314 
136387 
5315 
136388 
5316 
136389 
87240 
87241 
87242 
87243 
5327 
5328 
5329 
54481 
5330 
54482 
54483 
136404 
54484 
136405 
136406 
120022 
120023 
120024 
5337 
5338 
5339 
5340 
54496 
54497 
54498 
5347 
54499 
5348 
5349 
120038 
5350 
120039 
120040 
120041 
54507 
54508 
5357 
54509 
5358 
54510 
5359 
120048 
5360 
120049 
120050 
5364 
5365 
136438 
5366 
136439 
5367 
5371 
54523 
5372 
54524 
5373 
54525 
5374 
54526 
5378 
5379 
5380 
5381 
5385 
5386 
5387 
120076 
5388 
5392 
5393 
5394 
136467 
5395 
136468 
87318 
87319 
5399 
87320 
5400 
87321 
5401 
5402 
21790 
5406 
21791 
5407 
21792 
5408 
21793 
5409 
87339 
87340 
87341 
87342 
21807 
21808 
21809 
21810 
70990 
70991 
70992 
70993 
54617 
54618 
54619 
54620 
120170 
71018 
120171 
71019 
120172 
71020 
120173 
71021 
87407 
87408 
120177 
87409 
120178 
87410 
120179 
120180 
87416 
87417 
87418 
87419 
5504 
5505 
5506 
5507 
5518 
5519 
5520 
5521 
5528 
5529 
5530 
5531 
38300 
38301 
38302 
38303 
5538 
5539 
5540 
5541 
5545 
5546 
5547 
5548 
5552 
5553 
5554 
5555 
5559 
5560 
5561 
5562 
21950 
21951 
87488 
21952 
87489 
21953 
87490 
87491 
71113 
71114 
71115 
71116 
54734 
54735 
21968 
54736 
21969 
54737 
21970 
21971 
71128 
71129 
71130 
71131 
71139 
71140 
71141 
71142 
87574 
87575 
87576 
87577 
5658 
5659 
5660 
5661 
5672 
5673 
5674 
5675 
5682 
5683 
5684 
5685 
120380 
87635 
87636 
87637 
87638 
38508 
38509 
38510 
38511 
87693 
87694 
87695 
87696 
54942 
54943 
54944 
54945 
87772 
87773 
87774 
87775 
71406 
71407 
71408 
71409 
5897 
5898 
5899 
5900 
87832 
5912 
87833 
5913 
87834 
5914 
87835 
5915 
55085 
55086 
55087 
5936 
55088 
5937 
5938 
5939 
5951 
5952 
5953 
5954 
5958 
5959 
5960 
5961 
87891 
87892 
87893 
5973 
87894 
5974 
5975 
5976 
5988 
5989 
5990 
5991 
120685 
5999 
6000 
6001 
6002 
6006 
6007 
6008 
6009 
6013 
6014 
6015 
6016 
38788 
38789 
38790 
38791 
6032 
22417 
6033 
22418 
6034 
22419 
6035 
22420 
87960 
87961 
87962 
87963 
6047 
55199 
6048 
55200 
6049 
55201 
6050 
55202 
6054 
6055 
6056 
6057 
6061 
6062 
6063 
6064 
120755 
6068 
6069 
6070 
6071 
6075 
120764 
6076 
120765 
6077 
120766 
6078 
120767 
88011 
88012 
88013 
88014 
6095 
6096 
6097 
6098 
6110 
120799 
6111 
120800 
6112 
120801 
6113 
120802 
88036 
88037 
6117 
88038 
6118 
88039 
6119 
6120 
6124 
6125 
6126 
6127 
6131 
6132 
6133 
6134 
6138 
6139 
6140 
6141 
6145 
38913 
6146 
38914 
6147 
38915 
6148 
38916 
88079 
88080 
6160 
88081 
6161 
88082 
6162 
6163 
71709 
71710 
71711 
6175 
71712 
6176 
6177 
6178 
120872 
6186 
6187 
6188 
6189 
6193 
6194 
6195 
6196 
6200 
6201 
6202 
6203 
55356 
55357 
55358 
6207 
55359 
88128 
6208 
88129 
6209 
88130 
6210 
88131 
6214 
22599 
6215 
22600 
6216 
22601 
6217 
22602 
88141 
6221 
88142 
6222 
88143 
6223 
88144 
6224 
6228 
6229 
6230 
6231 
6246 
6247 
6248 
6249 
55410 
55411 
55412 
6261 
55413 
6262 
6263 
39031 
71800 
6264 
39032 
88185 
71801 
39033 
88186 
71802 
39034 
88187 
71803 
88188 
6268 
6269 
6270 
6271 
6275 
6276 
55428 
6277 
55429 
6278 
55430 
55431 
6291 
6292 
6293 
6294 
6298 
6299 
6300 
6301 
6305 
6306 
6307 
6308 
88237 
88238 
88239 
88240 
121010 
6326 
6327 
6328 
6329 
6341 
6342 
6343 
6344 
88267 
88268 
6348 
88269 
6349 
88270 
6350 
6351 
6355 
6356 
6357 
6358 
39128 
39129 
39130 
39131 
88288 
88289 
88290 
88291 
55525 
6374 
55526 
6375 
55527 
6376 
55528 
6377 
6381 
6382 
6383 
6384 
55542 
55543 
121080 
55544 
55545 
6398 
6399 
6400 
121089 
6401 
121090 
121091 
121092 
71944 
71945 
71946 
71947 
6413 
6414 
6415 
6416 
6424 
6425 
6426 
6427 
6431 
6432 
6433 
6434 
121125 
121126 
121127 
121128 
88373 
88374 
88375 
88376 
6456 
6457 
6458 
6459 
6463 
6464 
6465 
6466 
6478 
6479 
6480 
6481 
88410 
88411 
88412 
88413 
6493 
121182 
6494 
121183 
6495 
121184 
6496 
121185 
88420 
6500 
88421 
6501 
88422 
6502 
88423 
6503 
121194 
121195 
6507 
121196 
6508 
121197 
6509 
6510 
39285 
39286 
39287 
39288 
22906 
22907 
22908 
22909 
39299 
88452 
39300 
88453 
39301 
88454 
39302 
88455 
6535 
6536 
6537 
6538 
39309 
6542 
39310 
6543 
39311 
6544 
39312 
6545 
121237 
121238 
121239 
121240 
6563 
6564 
6565 
55717 
6566 
55718 
55719 
55720 
6578 
6579 
6580 
6581 
88502 
88503 
88504 
88505 
6585 
6586 
6587 
6588 
6592 
6593 
6594 
6595 
6599 
88520 
6600 
88521 
6601 
88522 
6602 
88523 
72140 
72141 
88526 
72142 
88527 
72143 
88528 
88529 
88543 
88544 
88545 
88546 
6627 
6628 
6629 
6630 
88553 
88554 
88555 
88556 
23032 
23033 
23034 
6650 
23035 
6651 
6652 
6653 
121349 
121350 
121351 
121352 
6665 
6666 
6667 
6668 
121357 
121358 
6672 
6673 
6674 
6675 
121364 
121365 
6679 
6680 
6681 
6682 
88605 
88606 
6686 
88607 
6687 
88608 
6688 
6689 
88633 
88634 
6714 
88635 
6715 
88636 
6716 
6717 
6721 
121410 
6722 
6723 
6724 
55884 
55885 
55886 
55887 
88656 
88657 
88658 
88659 
6741 
6742 
6743 
6744 
88666 
88667 
88668 
88669 
88672 
88673 
88674 
55906 
88675 
55907 
6756 
55908 
121445 
6757 
55909 
6758 
6759 
23146 
23147 
6763 
23148 
6764 
23149 
6765 
6766 
6770 
6771 
6772 
6773 
6777 
6778 
6779 
6780 
6784 
6785 
6786 
6787 
121489 
121498 
121499 
121500 
6812 
121501 
6813 
6814 
6815 
72353 
72354 
72355 
6819 
72356 
6820 
88741 
6821 
88742 
6822 
88743 
88744 
6837 
6838 
6839 
6840 
154297 
121533 
121534 
121535 
121536 
6852 
6853 
6854 
6855 
154315 
154316 
154317 
6863 
6864 
6865 
6866 
72405 
72406 
6870 
72407 
6871 
72408 
6872 
6873 
39643 
39644 
6877 
39645 
23262 
6878 
39646 
23263 
6879 
23264 
6880 
88801 
23265 
88802 
88803 
88804 
6884 
6885 
6886 
6887 
6891 
6892 
6893 
6894 
88815 
88816 
88817 
39665 
88818 
6898 
39666 
6899 
39667 
6900 
39668 
6901 
121592 
121593 
121594 
121595 
121604 
121605 
121606 
121607 
6926 
6927 
6928 
6929 
6947 
56099 
6948 
56100 
6949 
56101 
6950 
56102 
88878 
88879 
88880 
88881 
6962 
56114 
6963 
56115 
121652 
6964 
56116 
121653 
6965 
56117 
121654 
121655 
6969 
6970 
6971 
88892 
6972 
88893 
88894 
88895 
6976 
6977 
88898 
6978 
88899 
6979 
88900 
88901 
6983 
88904 
6984 
88905 
6985 
88906 
6986 
88907 
88910 
6990 
88911 
6991 
88912 
6992 
88913 
6993 
23378 
23379 
23380 
23381 
6997 
6998 
6999 
7000 
7004 
7005 
7006 
7007 
72552 
72553 
72554 
72555 
39795 
39796 
88949 
39797 
88950 
39798 
56182 
88951 
56183 
88952 
7032 
56184 
7033 
56185 
7034 
7035 
7039 
7040 
7041 
7042 
88963 
88964 
88965 
88966 
56199 
56200 
56201 
56202 
88973 
88974 
88975 
88976 
88979 
88980 
88981 
88982 
7063 
7064 
88985 
7065 
88986 
7066 
88987 
88988 
88994 
88995 
88996 
88997 
121766 
7078 
121767 
7079 
121768 
7080 
121769 
7081 
7085 
121774 
7086 
121775 
7087 
7088 
7092 
121781 
7093 
121782 
7094 
7095 
7099 
7100 
7101 
7102 
7106 
7107 
7108 
7109 
89033 
7113 
89034 
7114 
89035 
7115 
89036 
7116 
7120 
23505 
7121 
23506 
7122 
23507 
7123 
23508 
89047 
7127 
89048 
7128 
89049 
7129 
89050 
7130 
89053 
89054 
89055 
89056 
89059 
89060 
121829 
89061 
89062 
89065 
89066 
89067 
89068 
7155 
7156 
7157 
7158 
89085 
89086 
89087 
56319 
89088 
56320 
56321 
56322 
7177 
7178 
7179 
121868 
7180 
39949 
39950 
39951 
39952 
89106 
89107 
89108 
89109 
7192 
7193 
72730 
7194 
72731 
7195 
72732 
72733 
89123 
7203 
89124 
7204 
89125 
7205 
89126 
7206 
7210 
7211 
7212 
89133 
7213 
89134 
89135 
89136 
7217 
7218 
89139 
7219 
89140 
7220 
89141 
23605 
89142 
23606 
23607 
23608 
7224 
121913 
89145 
7225 
89146 
7226 
89147 
7227 
89148 
89151 
7231 
89152 
7232 
89153 
7233 
40001 
89154 
7234 
40002 
40003 
121924 
40004 
7238 
72775 
7239 
72776 
7240 
72777 
7241 
72778 
7245 
23630 
7246 
23631 
7247 
23632 
7248 
23633 
7252 
7253 
7254 
7255 
7259 
7260 
7261 
7262 
7266 
7267 
7268 
89189 
7269 
89190 
89191 
89192 
7273 
7274 
7275 
7276 
89202 
89203 
89204 
89205 
89208 
89209 
89210 
89211 
7292 
7293 
89214 
7294 
89215 
7295 
89216 
89217 
7299 
7300 
7301 
7302 
7323 
7324 
7325 
72862 
7326 
72863 
72864 
72865 
89255 
89256 
89257 
89258 
7338 
7339 
7340 
7341 
7345 
7346 
7347 
89268 
7348 
89269 
89270 
89271 
7352 
7353 
7354 
7355 
7359 
7360 
56512 
7361 
56513 
7362 
56514 
56515 
7366 
7367 
7368 
89289 
7369 
89290 
89291 
89292 
7373 
7374 
7375 
7376 
56529 
56530 
56531 
7380 
56532 
7381 
7382 
7383 
122072 
7387 
7388 
7389 
7390 
122080 
56544 
122081 
56545 
122082 
7394 
56546 
7395 
56547 
7396 
7397 
7401 
7402 
7403 
7404 
7408 
7409 
7410 
7411 
7415 
7416 
7417 
7418 
7422 
7423 
7424 
7425 
7429 
7430 
7431 
7432 
7436 
7437 
40205 
7438 
40206 
7439 
40207 
40208 
89361 
7446 
7447 
72984 
7448 
72985 
7449 
72986 
72987 
7453 
7454 
7455 
7456 
89382 
72999 
73000 
73001 
73002 
56624 
56625 
56626 
7475 
56627 
7476 
7477 
7478 
73021 
73022 
73023 
73024 
23874 
7490 
23875 
7491 
23876 
7492 
23877 
7493 
7501 
40269 
7502 
40270 
7503 
40271 
7504 
40272 
7508 
7509 
7510 
89431 
7511 
89432 
89433 
89434 
7515 
7516 
7517 
7518 
7522 
7523 
7524 
7525 
7529 
7530 
7531 
7532 
7536 
7537 
7538 
7539 
7543 
7544 
7545 
7546 
7550 
7551 
7552 
7553 
7557 
7558 
7559 
89480 
7560 
89481 
89482 
89483 
73099 
73100 
7564 
73101 
7565 
73102 
7566 
7567 
7571 
7572 
7573 
7574 
7578 
7579 
7580 
7581 
7585 
7586 
7587 
7588 
7592 
7593 
7594 
7595 
7599 
7600 
7601 
7602 
7606 
7607 
7608 
56760 
7609 
56761 
56762 
56763 
7613 
7614 
7615 
7616 
7620 
7621 
7622 
7623 
7627 
7628 
7629 
7630 
7651 
7652 
7653 
7654 
7666 
7667 
7668 
7669 
7673 
7674 
7675 
7676 
7680 
7681 
7682 
7683 
7687 
7688 
7689 
7690 
7694 
7695 
7696 
7697 
56850 
56851 
56852 
73237 
7701 
56853 
73238 
7702 
73239 
7703 
73240 
7704 
89625 
89626 
89627 
89628 
7708 
7709 
7710 
7711 
73248 
73249 
73250 
73251 
7715 
7716 
7717 
7718 
73255 
73256 
73257 
73258 
24106 
7722 
24107 
7723 
24108 
7724 
24109 
7725 
89647 
89648 
89649 
7729 
7730 
7731 
7732 
7736 
7737 
7738 
7739 
89660 
89661 
73277 
89662 
73278 
89663 
73279 
7743 
40511 
73280 
7744 
40512 
7745 
40513 
7746 
40514 
24132 
24133 
24134 
7750 
24135 
7751 
7752 
7753 
7757 
7758 
7759 
7760 
7764 
7765 
7766 
7767 
7771 
7772 
7773 
7774 
7778 
7779 
7780 
7781 
7785 
7786 
7787 
7788 
7792 
7793 
7794 
7795 
7799 
7800 
7801 
7802 
7821 
7822 
7823 
7824 
7836 
7837 
7838 
7839 
56993 
56994 
56995 
56996 
7847 
7848 
7849 
7850 
7854 
7855 
7856 
89777 
7857 
89778 
89779 
89780 
7861 
7862 
7863 
7864 
7868 
24253 
7869 
24254 
7870 
24255 
7871 
24256 
7875 
7876 
7877 
7878 
7882 
7883 
7884 
7885 
7889 
7890 
7891 
7892 
89816 
7896 
7897 
7898 
7899 
40667 
40668 
40669 
40670 
7903 
7904 
7905 
7906 
7910 
7911 
7912 
7913 
89834 
7917 
7918 
7919 
7920 
7924 
7925 
7926 
40694 
7927 
40695 
40696 
40697 
7931 
7932 
7933 
7934 
7941 
40709 
57093 
7942 
40710 
57094 
7943 
40711 
57095 
7944 
40712 
57096 
7948 
24333 
7949 
24334 
7950 
24335 
7951 
24336 
73491 
7955 
73492 
7956 
73493 
7957 
73494 
7958 
7962 
7963 
7964 
7965 
73502 
73503 
73504 
73505 
7969 
7970 
7971 
7972 
73509 
73510 
73511 
73512 
7976 
7977 
7978 
7979 
89901 
7983 
7984 
7985 
7986 
24372 
89909 
24373 
24374 
73527 
24375 
73528 
73529 
73530 
89915 
89916 
89917 
8002 
8003 
8004 
8005 
8017 
8018 
8019 
8020 
8024 
8025 
8026 
8027 
8031 
8032 
8033 
8034 
8038 
8039 
8040 
8041 
8045 
8046 
8047 
40815 
8048 
40816 
40817 
40818 
8052 
8053 
8054 
8055 
8059 
8060 
8061 
8062 
40830 
40831 
40832 
40833 
8066 
8067 
8068 
8069 
8073 
40841 
8074 
40842 
8075 
40843 
8076 
40844 
8080 
24465 
8081 
24466 
8082 
24467 
8083 
24468 
40852 
40853 
40854 
8087 
40855 
8088 
8089 
8090 
40859 
57243 
40860 
57244 
40861 
57245 
8094 
40862 
57246 
8095 
8096 
8097 
40866 
40867 
73636 
40868 
73637 
8101 
40869 
73638 
8102 
73639 
8103 
8104 
8108 
8109 
8110 
8111 
8124 
8125 
8126 
8127 
24515 
8131 
24516 
8132 
24517 
8133 
24518 
8134 
8138 
8139 
8140 
8141 
8145 
8146 
8147 
8148 
8152 
8153 
8154 
8155 
8159 
8160 
8161 
24546 
8162 
24547 
24548 
24549 
8180 
8181 
8182 
8183 
8195 
8196 
8197 
57349 
8198 
57350 
57351 
57352 
40969 
8202 
40970 
8203 
40971 
8204 
40972 
8205 
8209 
8210 
8211 
8212 
8216 
8217 
8218 
8219 
73759 
8223 
57375 
73760 
8224 
40992 
57376 
73761 
8225 
40993 
57377 
73762 
8226 
40994 
57378 
40995 
8230 
8231 
8232 
8233 
8237 
73774 
8238 
73775 
8239 
73776 
8240 
73777 
8244 
73781 
8245 
73782 
24630 
8246 
73783 
24631 
8247 
73784 
24632 
24633 
8251 
73788 
8252 
73789 
8253 
73790 
8254 
73791 
8258 
73795 
8259 
73796 
8260 
73797 
8261 
73798 
8265 
8266 
8267 
8268 
8272 
8273 
8274 
8275 
8279 
8280 
73817 
8281 
73818 
8282 
73819 
73820 
8307 
8308 
8309 
8310 
8314 
8315 
8316 
8317 
8321 
8322 
8323 
8324 
8339 
8340 
8341 
8342 
8354 
8355 
8356 
8357 
57510 
57511 
57512 
8361 
57513 
8362 
8363 
8364 
8368 
41136 
8369 
41137 
8370 
41138 
8371 
41139 
57525 
57526 
24759 
8375 
57527 
24760 
8376 
57528 
73913 
24761 
8377 
73914 
24762 
8378 
73915 
73916 
8382 
8383 
8384 
57536 
8385 
57537 
57538 
57539 
8389 
8390 
8391 
8392 
8396 
8397 
8398 
8399 
57554 
8403 
57555 
8404 
57556 
8405 
57557 
8406 
8410 
8411 
8412 
8413 
8417 
8418 
8419 
8420 
41189 
41190 
41191 
8424 
41192 
8425 
8426 
155883 
8427 
155884 
155885 
155886 
8431 
8432 
8433 
8434 
155892 
155893 
155894 
8438 
8439 
8440 
8441 
8472 
8473 
8474 
8475 
8479 
8480 
8481 
8482 
8498 
8499 
8500 
8501 
74038 
24886 
74039 
24887 
74040 
24888 
74041 
24889 
8513 
8514 
8515 
8516 
8520 
8521 
8522 
8523 
41291 
41292 
74061 
41293 
74062 
41294 
74063 
8527 
74064 
8528 
8529 
8530 
8534 
8535 
74072 
8536 
74073 
8537 
74074 
74075 
8541 
8542 
74079 
8543 
74080 
8544 
74081 
74082 
8548 
8549 
74086 
8550 
74087 
8551 
74088 
74089 
8555 
8556 
74093 
8557 
74094 
8558 
74095 
74096 
8562 
8563 
74100 
8564 
74101 
8565 
74102 
74103 
8569 
8570 
8571 
8572 
8576 
8577 
8578 
8579 
8583 
8584 
8585 
8586 
8590 
8591 
8592 
8593 
8597 
8598 
8599 
8600 
8634 
8635 
8636 
8637 
8641 
8642 
8643 
57795 
8644 
57796 
57797 
57798 
57812 
8661 
57813 
8662 
57814 
8663 
57815 
8664 
57827 
8676 
57828 
8677 
57829 
8678 
57830 
8679 
41449 
41450 
8683 
41451 
8684 
41452 
8685 
8686 
8690 
8691 
8692 
8693 
8697 
8698 
8699 
8700 
74238 
74239 
74240 
8704 
74241 
8705 
8706 
8707 
8711 
8712 
25097 
8713 
8714 
25098 
25099 
25100 
8718 
8719 
8720 
8721 
41490 
41491 
41492 
8725 
41493 
8726 
8727 
8728 
25114 
25115 
8732 
25116 
8733 
25117 
8734 
8735 
8739 
8740 
8741 
8742 
8746 
8747 
8748 
8749 
8753 
8754 
8755 
8756 
8760 
8761 
8762 
8763 
156229 
156230 
156231 
156232 
8800 
8801 
8802 
8803 
8807 
8808 
8809 
8810 
8824 
8825 
8826 
8827 
8839 
41607 
8840 
41608 
8841 
41609 
8842 
41610 
74384 
74385 
74386 
8850 
74387 
8851 
8852 
8853 
41622 
41623 
41624 
8857 
41625 
8858 
8859 
8860 
74399 
74400 
8864 
74401 
8865 
74402 
8866 
8867 
74406 
74407 
8871 
74408 
8872 
74409 
8873 
8874 
74413 
74414 
8878 
74415 
8879 
74416 
8880 
8881 
74420 
74421 
8885 
74422 
8886 
74423 
8887 
8888 
74427 
74428 
8892 
74429 
8893 
74430 
8894 
41662 
8895 
41663 
41664 
41665 
74434 
74435 
8899 
74436 
8900 
74437 
8901 
8902 
8906 
8907 
8908 
8909 
41678 
41679 
41680 
8913 
41681 
8914 
8915 
8916 
25300 
25301 
25302 
25303 
8920 
8921 
8922 
8923 
58078 
8927 
58079 
8928 
58080 
8929 
58081 
8930 
74485 
74486 
74487 
74488 
8973 
8974 
8975 
8976 
8992 
8993 
8994 
8995 
25385 
25386 
25387 
25388 
9007 
41775 
9008 
41776 
9009 
41777 
9010 
41778 
9014 
9015 
9016 
9017 
9021 
9022 
9023 
9024 
156481 
156482 
156483 
9028 
41796 
9029 
41797 
9030 
41798 
9031 
41799 
9035 
9036 
9037 
9038 
41807 
41808 
41809 
9042 
41810 
9043 
9044 
9045 
9049 
9050 
9051 
9052 
9056 
9057 
9058 
9059 
74597 
74598 
74599 
9063 
74600 
9064 
9065 
9066 
74604 
74605 
74606 
9070 
74607 
9071 
9072 
9073 
9077 
9078 
9079 
41847 
9080 
41848 
41849 
41850 
9132 
9133 
9134 
9135 
9147 
9148 
9149 
9150 
9162 
9163 
9164 
9165 
9169 
9170 
9171 
9172 
9176 
9177 
9178 
9179 
9183 
9184 
9185 
9186 
58342 
58343 
58344 
58345 
41964 
41965 
41966 
41967 
41979 
41980 
41981 
41982 
41986 
41987 
41988 
41989 
74758 
74759 
74760 
74761 
74773 
74774 
74775 
74776 
74780 
74781 
74782 
74783 
74787 
74788 
74789 
74790 
74794 
74795 
74796 
74797 
42029 
9262 
42030 
9263 
42031 
9264 
42032 
74801 
9265 
74802 
74803 
74804 
74808 
74809 
74810 
74811 
74815 
74816 
74817 
74818 
9284 
9285 
74822 
9286 
74823 
9287 
74824 
74825 
9295 
9296 
9297 
9298 
9302 
9303 
9304 
9305 
9309 
9310 
9311 
9312 
74856 
74857 
74858 
74859 
74885 
74886 
74887 
74888 
58521 
58522 
58523 
58524 
140446 
140451 
58531 
58532 
58533 
58534 
9388 
9389 
42157 
58541 
9390 
42158 
58542 
9391 
42159 
58543 
42160 
58544 
58551 
58552 
58553 
58554 
42172 
42173 
42174 
42175 
9408 
9409 
58561 
9410 
25794 
58562 
9411 
25795 
42179 
58563 
25796 
42180 
58564 
25797 
42181 
42182 
42186 
42187 
42188 
42189 
9423 
9424 
9425 
9426 
9430 
9431 
9432 
9433 
9437 
9438 
9439 
9440 
156910 
156911 
156912 
42232 
42233 
42234 
42235 
25876 
25877 
25878 
25879 
156953 
156954 
156955 
156958 
156959 
156960 
9519 
9520 
9521 
9522 
9537 
9538 
9539 
9540 
9555 
9556 
9557 
9558 
9562 
9563 
9564 
9565 
9569 
9570 
58722 
9571 
58723 
9572 
58724 
58725 
9576 
9577 
9578 
9579 
42364 
42365 
42366 
42367 
42379 
42380 
42381 
42382 
75154 
42386 
75155 
42387 
75156 
42388 
75157 
42389 
42393 
42394 
58778 
42395 
58779 
42396 
58780 
75165 
58781 
75166 
75167 
75168 
42400 
42401 
42402 
42403 
75172 
75173 
75174 
75175 
75179 
75180 
75181 
75182 
75186 
75187 
75188 
75189 
9655 
9656 
75193 
9657 
75194 
9658 
75195 
75196 
75200 
75201 
75202 
75203 
75207 
75208 
75209 
75210 
75214 
9678 
42446 
75215 
9679 
42447 
75216 
9680 
26064 
42448 
75217 
9681 
26065 
42449 
26066 
26067 
75221 
75222 
75223 
75224 
140762 
9692 
9693 
9694 
9695 
9699 
9700 
9701 
9702 
9706 
9707 
75244 
9708 
75245 
9709 
75246 
75247 
9713 
9714 
9715 
157172 
9716 
157173 
157174 
9720 
9721 
9722 
75259 
9723 
75260 
75261 
75262 
9790 
9791 
9792 
9793 
58947 
58948 
9797 
58949 
9798 
58950 
9799 
9800 
42572 
42573 
42574 
42575 
58961 
58962 
58963 
58964 
42587 
9820 
42588 
9821 
42589 
9822 
42590 
9823 
42598 
42599 
42600 
42601 
9834 
9835 
9836 
9837 
42605 
42606 
42607 
42608 
9844 
42612 
9845 
42613 
9846 
42614 
9847 
42615 
9851 
42619 
9852 
42620 
9853 
42621 
9854 
42622 
9858 
42626 
9859 
42627 
9860 
42628 
9861 
42629 
9865 
9866 
9867 
9868 
9872 
9873 
9874 
9875 
42672 
42673 
42674 
42675 
42687 
42688 
42689 
42690 
9933 
9934 
9935 
9936 
9940 
9941 
9942 
9943 
124633 
124634 
124635 
124640 
124641 
124642 
124643 
9967 
9968 
9969 
9970 
124661 
124662 
124663 
9981 
9982 
9983 
9984 
75522 
75523 
75524 
75525 
9991 
9992 
9993 
9994 
75537 
10001 
75538 
10002 
75539 
10003 
75540 
10004 
75544 
10008 
75545 
10009 
75546 
10010 
75547 
10011 
75551 
10015 
75552 
10016 
75553 
10017 
75554 
10018 
75558 
10022 
75559 
10023 
75560 
10024 
75561 
10025 
75565 
10029 
75566 
10030 
75567 
10031 
75568 
10032 
75572 
10036 
75573 
10037 
75574 
10038 
75575 
10039 
124729 
124730 
124731 
75579 
10043 
124732 
75580 
10044 
75581 
10045 
42813 
75582 
10046 
42814 
42815 
42816 
75586 
75587 
75588 
75589 
75593 
75594 
75595 
75596 
42828 
42829 
42830 
42831 
75600 
75601 
75602 
75603 
42835 
42836 
42837 
42838 
75607 
75608 
75609 
75610 
42842 
42843 
42844 
42845 
42849 
42850 
42851 
42852 
10086 
10087 
10088 
42856 
10089 
42857 
42858 
42859 
75628 
75629 
10093 
75630 
10094 
75631 
10095 
42863 
10096 
42864 
42865 
26482 
42866 
26483 
10100 
26484 
10101 
26485 
10102 
10103 
10133 
10134 
10135 
10136 
42912 
42913 
42914 
10147 
42915 
10148 
10149 
10150 
10157 
10158 
10159 
10160 
10167 
10168 
10169 
10170 
10177 
10178 
10179 
10180 
10184 
10185 
10186 
10187 
10191 
10192 
10193 
10194 
10198 
10199 
10200 
10201 
10205 
10206 
10207 
10208 
26593 
26594 
26595 
10212 
26596 
10213 
10214 
10215 
10219 
10220 
10221 
10222 
59389 
59390 
59391 
10247 
10248 
10249 
124938 
10250 
59402 
124939 
124940 
10254 
10255 
10256 
10257 
59409 
59410 
59411 
10261 
10262 
10263 
10264 
43050 
43051 
43052 
43053 
43065 
43066 
43067 
10300 
43068 
10301 
10302 
10303 
26692 
43076 
26693 
43077 
26694 
43078 
26695 
43079 
10314 
10315 
43083 
10316 
43084 
10317 
43085 
43086 
43090 
43091 
10324 
43092 
10325 
43093 
10326 
10327 
43097 
43098 
43099 
43100 
10334 
10335 
10336 
43104 
10337 
43105 
43106 
43107 
75877 
75878 
75879 
43111 
75880 
10344 
43112 
10345 
43113 
10346 
43114 
10347 
43118 
10351 
43119 
10352 
43120 
10353 
43121 
10354 
43125 
10358 
43126 
10359 
43127 
10360 
43128 
10361 
75900 
75901 
10365 
75902 
10366 
75903 
10367 
10368 
10372 
10373 
10374 
75911 
10375 
75912 
75913 
75914 
10379 
10380 
10381 
75918 
10382 
75919 
75920 
75921 
75925 
75926 
75927 
75928 
10395 
10396 
10397 
10398 
10402 
10403 
43171 
10404 
43172 
10405 
43173 
43174 
10409 
10410 
43178 
75947 
10411 
43179 
75948 
10412 
43180 
75949 
43181 
75950 
10416 
10417 
75954 
10418 
75955 
10419 
75956 
75957 
75961 
75962 
75963 
75964 
75968 
75969 
75970 
75971 
10451 
10452 
10453 
10454 
75995 
75996 
75997 
75998 
10465 
10466 
10467 
10468 
10475 
10476 
10477 
10478 
10485 
10486 
10487 
10488 
10492 
10493 
10494 
10495 
10499 
10500 
10501 
10502 
10506 
10507 
10508 
10509 
10513 
10514 
10515 
10516 
10520 
10521 
10522 
10523 
10527 
10528 
10529 
10530 
59685 
10534 
59686 
10535 
59687 
10536 
59688 
10537 
10541 
10542 
10543 
10544 
43326 
43327 
43328 
43329 
10571 
125260 
10572 
125261 
10573 
43341 
125262 
10574 
43342 
43343 
43344 
43352 
10585 
43353 
10586 
43354 
10587 
43355 
10588 
10595 
43363 
10596 
43364 
10597 
43365 
10598 
43366 
43370 
43371 
43372 
10605 
43373 
10606 
10607 
10608 
43377 
43378 
43379 
10612 
43380 
10613 
10614 
10615 
43384 
43385 
43386 
10619 
43387 
10620 
10621 
10622 
125311 
43391 
125312 
43392 
125313 
43393 
10626 
43394 
59778 
10627 
59779 
10628 
59780 
10629 
59781 
43398 
43399 
43400 
43401 
10636 
10637 
43405 
10638 
43406 
10639 
43407 
43408 
43412 
43413 
43414 
43415 
27033 
27034 
27035 
43419 
27036 
43420 
43421 
43422 
43426 
43427 
43428 
43429 
43433 
43434 
43435 
43436 
10671 
10672 
10673 
10674 
10685 
10686 
10687 
10688 
10695 
10696 
10697 
10698 
43476 
43477 
43478 
43479 
76257 
76258 
76259 
76260 
43495 
43496 
43497 
43498 
76268 
76269 
76270 
76271 
125425 
125426 
125427 
76275 
76276 
76277 
76278 
76282 
76283 
76284 
76285 
76307 
76308 
76309 
76310 
76314 
76315 
76316 
76317 
76321 
59937 
76322 
10786 
59938 
76323 
10787 
59939 
76324 
10788 
59940 
10789 
76351 
76352 
76353 
76354 
59996 
43613 
59997 
43614 
59998 
43615 
59999 
43616 
125546 
125547 
125548 
43635 
43636 
43637 
43638 
43650 
43651 
43652 
43653 
141961 
43661 
43662 
10895 
43663 
10896 
43664 
10897 
10898 
43672 
43673 
43674 
43675 
43679 
43680 
125601 
43681 
125602 
43682 
125603 
27299 
27300 
27301 
27302 
43686 
43687 
43688 
43689 
43693 
43694 
43695 
43696 
43700 
43701 
43702 
43703 
60089 
60090 
43707 
60091 
43708 
60092 
43709 
43710 
43714 
43715 
43716 
43717 
43721 
43722 
43723 
43724 
43728 
43729 
43730 
43731 
43735 
43736 
43737 
43738 
43742 
43743 
43744 
43745 
43749 
43750 
43751 
43752 
43756 
43757 
43758 
43759 
43763 
43764 
43765 
43766 
43770 
43771 
43772 
43773 
11040 
11041 
11042 
43810 
11043 
43811 
43812 
43813 
76596 
76597 
27445 
76598 
27446 
76599 
27447 
27448 
43833 
43834 
43835 
43836 
60225 
60226 
27459 
60227 
27460 
60228 
27461 
27462 
125775 
125776 
76624 
76625 
11089 
76626 
11090 
76627 
11091 
11092 
76635 
76636 
76637 
76638 
76642 
76643 
76644 
76645 
76649 
76650 
60266 
76651 
60267 
76652 
60268 
60269 
60280 
60281 
60282 
60283 
76677 
76678 
76679 
76680 
76684 
76685 
76686 
76687 
125843 
76691 
125844 
76692 
125845 
76693 
76694 
125875 
125876 
125877 
27582 
27583 
27584 
27585 
76739 
60355 
76740 
60356 
76741 
60357 
76742 
60358 
43977 
43978 
43979 
43980 
125905 
125906 
125907 
43992 
43993 
60377 
43994 
60378 
43995 
60379 
60380 
44003 
44004 
44005 
44006 
44010 
44011 
44012 
44013 
44017 
44018 
44019 
44020 
76792 
44024 
76793 
44025 
76794 
44026 
76795 
44027 
44031 
44032 
44033 
44034 
11269 
11270 
44038 
11271 
44039 
11272 
44040 
44041 
44045 
44046 
44047 
44048 
44052 
44053 
44054 
44055 
44059 
44060 
44061 
44062 
44066 
44067 
44068 
44069 
44073 
44074 
44075 
44076 
44080 
44081 
44082 
44083 
44087 
44088 
44089 
44090 
27708 
27709 
27710 
44094 
27711 
44095 
44096 
44097 
60483 
60484 
44101 
60485 
44102 
60486 
44103 
44104 
44108 
44109 
44110 
44111 
44115 
44116 
44117 
44118 
11352 
11353 
11354 
44122 
11355 
44123 
44124 
44125 
60512 
44129 
60513 
44130 
60514 
44131 
60515 
44132 
60523 
60524 
60525 
60526 
126082 
126083 
44163 
44164 
44165 
44166 
44170 
44171 
44172 
44173 
44177 
44178 
44179 
44180 
44191 
44192 
44193 
44194 
27828 
27829 
27830 
27831 
126150 
126151 
126152 
60624 
60625 
60626 
60627 
126182 
126183 
126184 
60674 
60675 
60676 
60677 
126218 
126219 
126220 
126226 
126227 
126228 
77102 
77103 
77104 
77105 
27953 
27954 
44338 
27955 
44339 
27956 
44340 
11573 
44341 
11574 
11575 
11576 
77113 
77114 
77115 
77116 
77120 
77121 
44353 
77122 
44354 
77123 
44355 
44356 
77127 
77128 
77129 
77130 
44364 
44365 
44366 
44367 
44375 
44376 
44377 
44378 
60762 
60763 
60764 
60765 
44382 
44383 
44384 
126305 
44385 
126306 
126307 
44389 
77158 
44390 
77159 
44391 
77160 
44392 
77161 
44396 
77165 
44397 
77166 
44398 
77167 
44399 
77168 
44403 
77172 
44404 
77173 
44405 
77174 
44406 
77175 
44410 
11643 
44411 
11644 
44412 
11645 
44413 
11646 
44417 
44418 
44419 
44420 
44424 
44425 
44426 
44427 
77197 
77198 
77199 
44431 
77200 
44432 
44433 
44434 
44438 
44439 
44440 
44441 
77212 
77213 
44445 
77214 
44446 
77215 
44447 
44448 
28068 
44452 
28069 
44453 
28070 
44454 
77223 
28071 
44455 
60839 
77224 
77225 
77226 
44459 
44460 
44461 
44462 
44466 
44467 
126388 
44468 
126389 
44469 
126390 
126391 
44473 
44474 
44475 
44476 
77247 
77248 
44480 
60864 
77249 
44481 
60865 
77250 
44482 
60866 
44483 
60867 
44490 
44491 
44492 
44493 
44500 
44501 
44502 
44503 
11740 
11741 
11742 
44510 
11743 
44511 
44512 
44513 
77288 
44520 
77289 
44521 
77290 
44522 
77291 
44523 
77298 
44530 
77299 
44531 
77300 
44532 
77301 
44533 
44540 
44541 
44542 
44543 
60930 
60931 
60932 
60933 
44550 
28167 
44551 
28168 
44552 
28169 
44553 
28170 
44560 
44561 
44562 
44563 
44582 
44583 
11816 
44584 
11817 
44585 
11818 
11819 
44592 
44593 
44594 
44595 
77367 
77368 
77369 
77370 
44602 
44603 
44604 
44605 
44612 
44613 
44614 
44615 
61005 
44622 
61006 
44623 
61007 
44624 
61008 
44625 
44632 
44633 
44634 
44635 
44654 
44655 
44656 
44657 
61059 
61060 
61061 
61062 
11919 
11920 
11921 
11922 
28315 
28316 
28317 
28318 
77498 
77499 
28347 
77500 
28348 
77501 
28349 
28350 
61123 
61124 
61125 
61126 
12001 
12002 
12003 
12004 
28401 
28402 
28403 
28404 
61172 
61173 
61174 
61175 
44793 
44794 
44795 
44796 
44807 
44808 
44809 
44810 
28428 
28429 
28430 
28431 
44817 
44818 
44819 
44820 
44824 
44825 
44826 
44827 
44834 
44835 
44836 
44837 
44844 
28461 
44845 
28462 
44846 
28463 
44847 
28464 
61233 
61234 
61235 
61236 
44854 
44855 
44856 
44857 
44864 
77633 
44865 
77634 
44866 
77635 
44867 
77636 
44874 
44875 
77644 
44876 
77645 
44877 
77646 
77647 
77651 
77652 
44884 
77653 
44885 
77654 
44886 
44887 
77658 
77659 
77660 
77661 
44894 
44895 
44896 
44897 
44904 
44905 
44906 
44907 
44914 
44915 
44916 
44917 
77692 
44924 
77693 
44925 
77694 
44926 
77695 
44927 
61311 
61312 
61313 
61314 
77699 
77700 
77701 
77702 
44934 
44935 
44936 
44937 
77706 
77707 
77708 
77709 
44941 
44942 
44943 
44944 
143251 
44948 
44949 
44950 
44951 
44955 
44956 
44957 
44958 
28580 
28581 
28582 
28583 
77738 
77739 
77740 
77741 
77753 
77754 
77755 
77756 
77764 
77765 
77766 
77767 
77771 
77772 
77773 
77774 
77778 
77779 
77780 
77781 
77803 
77804 
77805 
77806 
77817 
77818 
77819 
77820 
77827 
45059 
77828 
45060 
77829 
45061 
77830 
45062 
12301 
12302 
12303 
12304 
45073 
45074 
45075 
45076 
77886 
77887 
77888 
61504 
77889 
61505 
61506 
61507 
77894 
77898 
77899 
77900 
77921 
77922 
77923 
77924 
12403 
12404 
12405 
12406 
28814 
28815 
28816 
28817 
45204 
45205 
45206 
45207 
61595 
61596 
61597 
61598 
45273 
45274 
45275 
45276 
78047 
78048 
12512 
78049 
12513 
78050 
12514 
12515 
45284 
45285 
45286 
45287 
78058 
78059 
45291 
78060 
45292 
78061 
45293 
45294 
78065 
78066 
78067 
78068 
78072 
78073 
78074 
78075 
78109 
78110 
78111 
78112 
78116 
78117 
78118 
78119 
78123 
78124 
78125 
78126 
45358 
45359 
45360 
45361 
78134 
78135 
78136 
78137 
78145 
78146 
78147 
78148 
78156 
78157 
78158 
78159 
78167 
78168 
78169 
78170 
78174 
78175 
78176 
78177 
78181 
78182 
78183 
78184 
78188 
78189 
78190 
78191 
78195 
78196 
78197 
78198 
12700 
12701 
29085 
12702 
29086 
12703 
29087 
61855 
29088 
61856 
61857 
61858 
78246 
78247 
78248 
78249 
45498 
45499 
45500 
45501 
78275 
78276 
78277 
78278 
45512 
45513 
45514 
45515 
45543 
45544 
45545 
45546 
61934 
61935 
61936 
61937 
61954 
61955 
61956 
61957 
78385 
78386 
78387 
78388 
78396 
78397 
78398 
78399 
78403 
78404 
78405 
78406 
78410 
78411 
78412 
78413 
45682 
45683 
45684 
78453 
45685 
78454 
29302 
78455 
29303 
78456 
29304 
29305 
78460 
78461 
78462 
78463 
78467 
78468 
12932 
78469 
12933 
78470 
12934 
12935 
29319 
29320 
29321 
78474 
29322 
78475 
78476 
78477 
78481 
78482 
78483 
78484 
78488 
78489 
78490 
78491 
78495 
78496 
144033 
78497 
62113 
144034 
78498 
62114 
144035 
62115 
144036 
62116 
78505 
78506 
78507 
78508 
144055 
144056 
144057 
144058 
78538 
78539 
78540 
78541 
45774 
45775 
45776 
45777 
78569 
78570 
78571 
78572 
13046 
13047 
13048 
13049 
45820 
144125 
45821 
144126 
45822 
144127 
45823 
144128 
62222 
62223 
62224 
62225 
144149 
144150 
144151 
144152 
29474 
29475 
29476 
29477 
78646 
62262 
78647 
62263 
78648 
62264 
78649 
62265 
62278 
62279 
62280 
62281 
78673 
78674 
78675 
78676 
78684 
78685 
78686 
78687 
78691 
78692 
78693 
78694 
78698 
78699 
78700 
78701 
45940 
45941 
45942 
45943 
78741 
78742 
78743 
78744 
78748 
78749 
78750 
78751 
78755 
78756 
78757 
78758 
78762 
78763 
78764 
78765 
78772 
78773 
46005 
78774 
46006 
78775 
46007 
46008 
78782 
78783 
78784 
78785 
13258 
13259 
13260 
13261 
78807 
78808 
78809 
78810 
13275 
13276 
13277 
13278 
78851 
78852 
78853 
78854 
46134 
46135 
46136 
46137 
78932 
78933 
78934 
78935 
46169 
46170 
46171 
46172 
78946 
78947 
78948 
78949 
78953 
78954 
78955 
78956 
78960 
78961 
78962 
78963 
46206 
46207 
46208 
46209 
29840 
29841 
29842 
29843 
79000 
79001 
79002 
79003 
46238 
79007 
46239 
79008 
46240 
79009 
46241 
79010 
79014 
79015 
79016 
79017 
13482 
13483 
13484 
13485 
79024 
79025 
79026 
79027 
13504 
13505 
13506 
13507 
62667 
62668 
62669 
62670 
46343 
46348 
46349 
46350 
62735 
62736 
62737 
62738 
79126 
79127 
79128 
79129 
62751 
62752 
62753 
62754 
79154 
79155 
79156 
79157 
13622 
13623 
13624 
13625 
79165 
79166 
79167 
79168 
79172 
79173 
79174 
79175 
79179 
79180 
79181 
79182 
46416 
46421 
46422 
46423 
46441 
79210 
79211 
79212 
79213 
46446 
46447 
46448 
79217 
144754 
79218 
144755 
79219 
144756 
79220 
144758 
30070 
144759 
30071 
144760 
79224 
30072 
144761 
79225 
30073 
79226 
79227 
79234 
79235 
79236 
79237 
13737 
13738 
13739 
13740 
46516 
46521 
46522 
46523 
46541 
46546 
46547 
46548 
79340 
79341 
79342 
79343 
79354 
79355 
79356 
79357 
79361 
79362 
79363 
79364 
79368 
79369 
79370 
79371 
46621 
79393 
79394 
46626 
79395 
46627 
79396 
46628 
79400 
79401 
79402 
79403 
63024 
63025 
79410 
63026 
79411 
63027 
79412 
79413 
79420 
79421 
79422 
79423 
46672 
46673 
46674 
46675 
63098 
63099 
63100 
63101 
79492 
79493 
79494 
79495 
13966 
13967 
13968 
13969 
30367 
79520 
30368 
79521 
30369 
79522 
30370 
79523 
79531 
79532 
79533 
79534 
79538 
79539 
79540 
79541 
79545 
79546 
79547 
79548 
79552 
79553 
79554 
79555 
46788 
46789 
14022 
46790 
79559 
14023 
46791 
79560 
14024 
79561 
14025 
79562 
79566 
79567 
79568 
79569 
79573 
79574 
79575 
79576 
79580 
79581 
79582 
79583 
30436 
30437 
79590 
30438 
79591 
30439 
79592 
79593 
63216 
63217 
63218 
63219 
63231 
63232 
63233 
63234 
14083 
14084 
14085 
14086 
79641 
79642 
79643 
79644 
14112 
14113 
14114 
14115 
63289 
63290 
63291 
63292 
79681 
79682 
79683 
79684 
14153 
14154 
128843 
14155 
14156 
79695 
79696 
79697 
79698 
79702 
79703 
79704 
79705 
79709 
79710 
79711 
79712 
79716 
79717 
79718 
79719 
79723 
79724 
128877 
79725 
128878 
79726 
128879 
128880 
79730 
14194 
79731 
14195 
79732 
14196 
128885 
79733 
14197 
79740 
79741 
79742 
79743 
14211 
14212 
14213 
14214 
128942 
63416 
63417 
63418 
63419 
79809 
79810 
79811 
79812 
63431 
63432 
63433 
63434 
79820 
79821 
79822 
79823 
79827 
79828 
79829 
79830 
79834 
79835 
79836 
79837 
79844 
79845 
79846 
79847 
47096 
47097 
47098 
47099 
63503 
63504 
63505 
63506 
79897 
79898 
79899 
79900 
79912 
79913 
79914 
79915 
79923 
79924 
79925 
79926 
79930 
79931 
79932 
79933 
79940 
79941 
79942 
79943 
47179 
47180 
47181 
47182 
79958 
79988 
79989 
79990 
79991 
63609 
63610 
63611 
63612 
80006 
80007 
80008 
80009 
80016 
80017 
80018 
63634 
80019 
63635 
63636 
63637 
80026 
80027 
80028 
80029 
80147 
80148 
80149 
80150 
14648 
14649 
14650 
14651 
63849 
63850 
63851 
63852 
47473 
47474 
47475 
47476 
14709 
14710 
14711 
14712 
63864 
63865 
63866 
63867 
47546 
47547 
47548 
47549 
63944 
63945 
63946 
63947 
80352 
80353 
80354 
80355 
14852 
14853 
14854 
14855 
14870 
14871 
14872 
14873 
129588 
80445 
80446 
80447 
80448 
64097 
64098 
64099 
64100 
80514 
80515 
80516 
80517 
47749 
47750 
47751 
47752 
47778 
47779 
47780 
47781 
129712 
47795 
47796 
47797 
47798 
64198 
31431 
64199 
31432 
64200 
31433 
64201 
31434 
80624 
80625 
80626 
80627 
80682 
80683 
80684 
80685 
47929 
47930 
47931 
47932 
64344 
64345 
64346 
64347 
64363 
64364 
64365 
64366 
31611 
31612 
31613 
31614 
48028 
48029 
48030 
48031 
80805 
80806 
80807 
80808 
80832 
80833 
80834 
80835 
64451 
64452 
64453 
64454 
48071 
48072 
48073 
48074 
80846 
80847 
80848 
80849 
80852 
80853 
80854 
80855 
64472 
64473 
64474 
64475 
80872 
80873 
80874 
80875 
80882 
80883 
80884 
80885 
80888 
80889 
80890 
80891 
80902 
80903 
80904 
80905 
80915 
80916 
80917 
80918 
31766 
31767 
31768 
80921 
31769 
80922 
80923 
80924 
80927 
80928 
80929 
80930 
48170 
48171 
48172 
48173 
80949 
80950 
80951 
80952 
48187 
48188 
48189 
48190 
80959 
80960 
80961 
80962 
80965 
80966 
80967 
80968 
80984 
80985 
80986 
80987 
80994 
80995 
80996 
80997 
81000 
15464 
81001 
15465 
81002 
15466 
81003 
15467 
81006 
81007 
81008 
81009 
64625 
64626 
64627 
64628 
81028 
81029 
81030 
81031 
81038 
81039 
81040 
81041 
81044 
81045 
81046 
81047 
31917 
31918 
31919 
31920 
81076 
81077 
81078 
81079 
81101 
81102 
81103 
81104 
15573 
15574 
15575 
64727 
15576 
64728 
64729 
64730 
64747 
64748 
64749 
64750 
48377 
48378 
48379 
48380 
81195 
81196 
81197 
81198 
15664 
15665 
15666 
15667 
48482 
48483 
48484 
64868 
48485 
64869 
64870 
64871 
48499 
48500 
48501 
48502 
64921 
64922 
64923 
64924 
32162 
32163 
32164 
32165 
64936 
64937 
64938 
64939 
81324 
81325 
81326 
81327 
64961 
64962 
64963 
64964 
130571 
130576 
130577 
130578 
48659 
48660 
48661 
48662 
130609 
65073 
65074 
65075 
65076 
65080 
65081 
65082 
81467 
65083 
81468 
81469 
81470 
130623 
130624 
130625 
130626 
65091 
65092 
65093 
65094 
130633 
130634 
130635 
130636 
130643 
81526 
81527 
81528 
81529 
81542 
81543 
81544 
81545 
32396 
32397 
32398 
32399 
48837 
48838 
48839 
48840 
65266 
65267 
65268 
65269 
48890 
48891 
48892 
48893 
65294 
65295 
65296 
65297 
81711 
81712 
81713 
81714 
81730 
81731 
81732 
81733 
32612 
32613 
32614 
32615 
49016 
49017 
49018 
49019 
81799 
81800 
81801 
81802 
49079 
49080 
49081 
49082 
81874 
81875 
81876 
81877 
32730 
32731 
32732 
32733 
81888 
)

// ************************************************************************* //
