/*--------------------------------*- C++ -*----------------------------------*\
  =========                 |
  \\      /  F ield         | OpenFOAM: The Open Source CFD Toolbox
   \\    /   O peration     | Website:  https://openfoam.org
    \\  /    A nd           | Version:  8
     \\/     M anipulation  |
\*---------------------------------------------------------------------------*/
FoamFile
{
    version     2.0;
    format      ascii;
    class       labelList;
    note        "nPoints: 3042 nCells: 9638 nFaces: 21738 nInternalFaces: 16814";
    location    "constant/polyMesh";
    object      neighbour;
}
// * * * * * * * * * * * * * * * * * * * * * * * * * * * * * * * * * * * * * //


16814
(
374
636
6613
7040
4972
8802
9393
1709
8318
9039
2341
3028
3613
8579
2917
3146
3242
9397
2040
2564
5146
6944
480
1673
1925
9466
542
4576
6427
1054
5498
7446
8720
48
2202
8592
1156
2340
6598
8893
1684
4085
7770
8044
159
236
1064
1817
1203
6997
8747
5614
5617
6805
1254
1726
4587
7200
1163
1408
6154
4605
8334
8769
9304
20
4671
5504
7403
417
946
2449
9403
4190
1801
1808
7709
4779
5561
8972
1685
5473
5969
9466
3649
3983
9197
9198
9311
751
4224
7184
28
31
4755
8141
2459
2462
6266
725
4546
7124
9121
3497
5077
5125
1580
2462
4301
8097
9407
172
6263
6700
7645
4462
7547
7938
8262
599
4477
7615
751
5998
6851
8078
270
3790
6733
9156
2309
5356
5898
7746
47
3037
3314
4748
950
2565
3983
769
3449
7590
7828
1163
1378
2331
3229
3288
3839
4916
6736
7761
8998
9224
3854
6004
9170
4123
5513
6284
6483
65
687
1140
2436
4121
1990
5858
7185
9632
596
3186
6604
6722
3492
3960
7687
3468
6247
6653
8880
69
2463
6822
4669
5667
6413
9363
2520
3372
5161
8793
166
2409
2859
3246
478
4820
7319
8974
3381
4246
7459
8998
3156
8054
8380
8422
1975
5712
9237
2310
8332
8393
4875
5353
5487
6286
1511
2201
7468
8394
1748
1873
4960
69
1118
3245
271
410
715
9311
1244
2421
9140
3214
3224
5577
9240
2203
3251
2569
3529
4001
8483
1686
6316
7787
2012
2055
3876
4064
408
3153
5360
7968
2766
8144
9156
2093
4578
5186
8183
84
5777
5823
9554
327
1862
8212
133
1007
2808
9034
3514
3942
6669
4280
7023
9246
3130
3882
5862
2039
5149
6357
8711
400
1365
4533
5391
7662
8516
88
107
9483
9607
2187
4075
8422
9378
2666
5660
7927
8818
99
1888
9479
1547
3504
6751
7075
6725
7409
8891
9477
98
107
8650
96
106
2024
5632
2540
6380
7227
8173
289
2970
6314
8907
202
5559
6248
111
2853
8517
347
5302
7133
9435
99
8800
269
2740
2021
5232
6429
9054
2795
5433
7038
2278
3851
8226
8745
511
2801
6314
8180
210
302
6716
364
3057
7603
8400
111
5956
6546
637
3487
3710
8857
1120
1241
4924
6130
1236
2671
2860
3211
7482
4469
7803
9384
9385
605
1129
3447
3543
6484
6793
7371
3111
3830
4954
5565
2446
2459
2462
6917
4171
6182
8074
8416
1250
5482
7356
7499
4683
4819
6609
8010
3208
6085
7036
123
4056
4477
6727
132
8911
9228
127
1404
2358
4898
5621
7309
975
3947
8043
5151
5295
7748
8463
2500
5543
8116
967
1046
1498
2515
2058
3353
5574
7956
2810
6443
7609
2518
4733
2771
2810
3866
4425
6890
7930
1254
1267
1625
4204
2315
2415
6213
6836
2466
3181
5094
179
203
4871
7203
2282
3112
4349
9381
1827
1831
1840
4697
2124
2163
3805
5681
2243
2290
4666
6726
3671
6309
8100
7963
9455
203
3177
6032
6788
2889
4489
7889
2968
3132
3681
6373
166
986
2415
8832
1466
2771
7090
7959
2704
5992
5993
8898
3312
4392
6608
5130
5197
6461
566
821
5130
328
1272
9021
2097
4440
4517
9326
3808
6459
7214
1062
1116
1302
7791
2531
3239
3624
656
671
738
2157
2425
8725
1832
7476
8696
701
1852
9101
9403
2550
2772
9072
9547
4422
6321
7287
7705
2235
7393
8257
9328
173
4186
3471
3518
4466
5982
1449
3474
3477
5758
362
2733
5239
5653
8132
8136
9242
434
525
1186
5009
813
4133
4942
2859
3824
9324
3230
5780
6660
6768
447
1239
3220
4634
2308
6833
8083
8114
5875
6851
9553
803
835
2992
6417
1664
3445
9342
361
1913
6148
3503
4031
6794
7904
206
208
8252
3328
4976
5628
7728
1783
4187
6023
6319
392
937
2473
3163
1931
6970
9581
188
1828
4987
4989
896
3299
4974
4987
7410
7883
5827
6176
7484
196
1040
7109
7815
2731
6587
8331
2027
4152
4887
9543
3136
8079
8337
852
1568
2089
9503
809
1818
4328
559
4579
6778
3997
6234
8794
9093
200
7395
8142
5158
8795
717
4795
7952
2974
3993
6492
716
4388
6411
7417
4498
5261
6543
8223
8888
468
4757
6024
1241
1965
2672
1342
7293
8252
281
6707
8248
2315
2415
3824
6492
4406
5055
7262
9383
910
1854
4330
4738
6642
6643
8023
1350
3924
8767
355
6455
7612
324
1254
4250
7703
2823
8855
8961
9499
764
2005
2015
518
5188
9329
9336
632
7198
7265
3161
5283
8940
9326
6209
9125
9536
9574
2110
2211
4304
1972
2073
5244
7984
242
1860
3452
7287
236
548
738
2471
3109
5543
8156
8165
3217
3537
4448
9030
1600
3609
5102
849
867
3850
4197
5310
8823
945
7215
9371
1436
1532
2896
789
2135
6361
8017
377
3789
3044
5057
7688
465
8468
8961
8968
505
3612
3934
4557
421
453
1565
3578
3479
7995
8960
9042
421
1906
6272
308
6433
8781
9078
1438
3881
8959
3863
3889
3917
4238
4143
5487
8015
3015
4185
5296
6718
1302
4110
4292
5352
1908
2755
3067
4084
1120
1241
8223
2037
2324
4775
7160
2387
5031
6245
6653
3679
7848
8878
3943
6357
7857
1774
8575
8958
4786
4920
8062
6469
6991
7219
8820
2600
7134
7547
8364
4785
8115
9606
4122
4670
7176
273
296
709
1682
1858
9048
9242
505
4005
7807
524
7618
8776
9560
1056
5755
9572
1440
2247
6121
1395
4031
5537
6319
2048
2641
8997
497
5996
372
1593
2467
2217
6287
9198
316
363
372
715
2217
276
1549
4029
6384
2048
4321
4322
811
2596
7584
601
2760
8284
616
6606
8368
280
3027
6599
8881
284
4233
7245
292
5755
8972
5151
7660
9618
5769
8465
8963
530
817
1420
1144
6881
7183
3332
8233
9209
345
4005
5436
9425
5066
5879
8453
3252
6703
9559
3309
3580
6311
8125
8138
9367
1538
4778
4779
1720
2629
4195
1025
4662
5442
502
4611
4615
5313
301
480
6308
3021
6868
9485
299
737
6699
2667
6466
6882
3076
5611
6907
607
1682
737
8607
313
316
4030
331
1285
2516
7322
5178
7939
7951
8172
2022
2560
6906
8285
4520
5630
9119
1143
1648
3898
439
550
3799
6484
1754
4309
9530
324
818
4250
9110
1548
2316
2994
1859
6922
7095
2591
6880
9127
9302
799
4375
7107
2063
1328
3143
5726
6916
1637
6953
7829
1787
4563
8739
1111
2623
7989
450
1004
9356
1813
2622
4622
7829
576
2113
2817
9018
351
7200
2157
4761
1463
5211
6063
7190
368
1285
4030
352
3224
1812
4578
5705
6350
975
1010
8886
368
2494
9154
2868
3674
6063
6399
1300
3937
7142
9597
2126
4681
5004
5156
2188
5015
8785
9002
2613
5658
9167
1298
4703
6408
5375
6651
6878
8818
4248
4277
5020
5319
706
9504
9591
1650
6201
6719
7301
954
2668
5161
9010
1514
3948
7895
8778
363
368
4030
3955
5237
6349
3656
7825
8805
2190
2373
5375
2190
4999
8334
9341
1353
4480
4523
703
4675
6564
7678
4299
6869
2003
3214
4884
354
356
4195
2571
5119
5912
3932
3939
2571
5035
4311
4314
4816
5279
1997
5064
8020
7044
7920
9161
3953
7396
8962
5502
896
4166
4987
2467
4973
5852
6403
383
2478
5986
8000
413
582
6423
381
2502
2650
814
2983
8109
8809
4294
4785
4915
8115
2008
3316
3340
5548
692
3694
2686
2887
6160
7712
3566
6711
4456
6809
7732
9236
4493
6410
8762
548
1518
3049
644
2534
4338
6099
2074
3531
5224
7793
1547
4280
5106
7102
383
2485
3418
6636
7178
7279
2488
7254
385
2071
6117
2281
7996
2395
2761
6225
6695
3128
4898
4901
7996
4177
4621
7653
2104
4739
6241
2762
6762
7346
4391
5537
6506
7445
3297
3525
7953
1967
2604
6931
6955
1206
2545
5768
5879
911
3263
4663
2769
3415
8439
1314
4155
5990
7217
401
4350
6746
9199
438
2101
4981
6746
1856
3566
435
4901
5030
1970
3275
6682
1295
1944
4462
9227
3384
4431
5228
6765
888
1021
1094
6435
2449
5890
8419
4590
5376
8419
3146
5802
9344
1689
4246
5693
8793
5895
8343
5837
6124
9077
1433
1434
5314
5694
4142
8554
9099
2827
4151
4164
5217
7705
8025
8190
564
754
2901
2094
8626
8632
519
7305
9529
857
3189
5199
7998
2264
2791
3844
6961
2748
7934
2193
7464
9180
5654
6911
8190
1988
5098
6924
8120
4142
5176
7696
7730
3423
8059
9406
1841
6376
8643
1209
1926
5105
727
3085
4090
9321
2679
2804
4127
6675
2023
3158
5747
6760
604
7056
9082
3067
3714
4181
7562
8163
8964
2655
3684
5547
564
1173
1451
3705
7595
8404
2171
7019
9259
6793
8188
9306
490
1574
3799
9306
2050
3167
3874
8275
546
550
5838
784
1633
4939
9207
5170
5171
6652
8664
4083
5232
8013
449
4597
4653
9451
1651
5025
8196
4113
4910
7407
9028
5385
9036
1743
2878
8937
1160
1257
1392
6083
1247
5209
7539
484
731
1850
2245
3524
8046
457
868
3299
6539
7358
8001
8002
8007
3171
3869
3493
5598
7483
460
489
595
498
1755
615
4264
8272
9277
501
1939
4081
6868
1308
3257
4534
7816
1701
2002
5112
5120
7038
7041
9533
935
2152
6780
7248
681
1452
2680
8772
545
619
2069
558
1433
3372
9222
3334
4327
6049
6436
521
5112
5203
6219
2393
2863
5008
6370
1983
1986
2767
4021
5272
6485
6539
6896
1802
4138
9609
481
4513
4667
9552
858
2181
2919
6382
4835
7315
7331
1177
2508
4431
8492
607
6506
4660
8444
585
588
2042
6633
4251
6615
8267
4369
6272
7311
1966
4582
5818
4106
7595
8135
666
2761
6695
4738
5561
6708
498
2166
2181
2000
8185
9303
498
1180
2919
5208
5107
6358
7684
782
7276
8906
9617
2528
3932
4088
5127
4483
5137
6981
1305
4093
5160
2248
2741
9346
4373
1719
2657
6811
6868
1407
1962
5965
8866
917
5292
6800
2677
4612
681
1537
1794
8033
884
7181
8871
4370
1779
6728
9343
1352
1363
4339
7147
685
688
4556
2668
3815
4010
2621
9056
9122
9364
1809
4958
8907
2970
6975
7422
609
3044
5165
1913
4986
5064
562
4592
5054
7839
792
5011
6378
8307
6708
7695
9455
5045
8542
8651
5301
7940
1699
2315
4207
4603
1700
3864
5192
584
6967
9029
4638
7618
8776
9597
773
1416
8427
1152
7155
7861
2559
4346
8716
1514
1537
1894
3769
964
9358
9359
1986
4034
5016
1679
4278
6717
542
1654
2144
544
994
8232
9016
1986
3281
8512
9012
4486
6307
6335
3867
4672
8542
8649
943
6510
9044
2795
2937
6618
913
1757
9512
2529
6095
7033
2812
4498
8770
5380
9476
9480
1636
1500
2935
5330
559
1639
2734
1089
4757
8427
547
615
1351
6876
6891
3030
9602
3289
4424
7875
1332
1351
5707
6365
6369
1501
7155
7861
4894
4982
6204
7717
5601
6611
8053
742
3497
6936
7204
2685
7796
9596
2029
2563
5187
6501
2698
5770
6250
7587
7626
2324
3174
6338
6851
3872
7757
9105
9500
608
4305
7811
598
1206
3839
9295
7593
1516
4385
7605
7781
2586
8768
9173
5850
6093
7728
9610
572
579
7843
2268
5723
8547
925
1286
6859
8353
1295
9227
9578
2883
9580
4252
4483
7190
4640
5086
8371
2117
5946
7983
8515
1677
5257
639
3618
6130
9295
2987
4325
8822
938
1047
1329
4220
5502
9620
583
2572
6501
1778
5088
588
6944
2988
4261
9322
2572
3420
4261
2950
3465
7229
2041
5733
6808
6630
1161
3082
3549
923
2355
3956
5929
1680
3108
9155
2987
3160
8524
8999
2429
2768
5772
7270
1104
4546
4547
845
847
1618
3209
1649
2471
4358
5052
639
655
879
4056
7616
3358
7351
7352
8990
2593
2947
710
2905
4982
1259
1493
4617
7487
5564
7639
8754
1092
3106
7892
5487
6286
6481
7187
5916
8816
676
710
3769
610
8777
619
2386
4726
6957
8370
1142
3847
8376
5096
7636
9428
6089
8319
9614
1368
9293
2600
4503
2460
3266
5955
8100
2940
3483
7965
8583
6432
652
6162
8608
1266
5689
5709
5710
919
1640
4061
9464
2061
2263
2303
680
5184
6314
8933
627
5189
8920
960
3200
6547
630
6242
4002
5515
8863
9308
1598
1667
3006
4027
5220
7699
1489
6060
8620
9212
2822
7879
768
1349
8293
3450
3657
4044
7366
3122
7458
7631
5507
6420
6711
8650
9483
993
3421
6039
4460
6305
3014
3121
5037
6255
4601
6874
8379
9425
1245
3436
6064
1877
6454
7886
992
5110
5678
650
1950
3329
3413
952
1695
2075
9308
1618
3194
6583
1877
2626
2922
684
2240
2448
1951
3746
2424
3329
7462
3481
8731
2573
4191
6087
7353
3887
4892
9092
9181
2982
6797
8147
4723
4801
6865
1491
1773
7617
9383
3039
3517
6013
2675
5436
6349
2382
7284
7588
7103
7838
9513
949
1894
7583
7900
2225
2617
2640
846
1242
7833
9134
673
7238
8530
3719
7864
1817
2376
3049
4805
959
4331
5828
8539
1448
4336
7079
5884
8402
8410
1817
3032
4312
1838
4935
7411
5824
5973
8245
963
2759
7831
966
5973
6997
2360
7811
9518
722
3419
5984
6124
3627
5342
8506
1971
7014
8431
689
1525
4281
2083
2419
685
697
6884
9411
9412
9418
6045
6605
686
698
695
697
8135
2463
4748
1956
3123
713
841
2111
693
2071
2281
3992
2400
3207
5490
8076
9156
3112
8057
4874
7444
7741
7852
1956
7601
1612
3107
8244
4272
1195
4556
6374
2812
6845
7649
827
5165
7688
946
7340
9193
1772
1946
4045
4302
774
864
8702
971
2289
8019
5829
7196
8022
4037
6281
5377
9025
9131
9193
721
3796
7794
8847
718
7201
9347
842
7717
1800
2360
7775
9531
1114
2434
6387
9194
714
2010
3038
4521
4711
6110
8343
9347
3913
5196
4017
9599
9613
3016
3740
5486
6412
6474
9223
9257
6356
9186
9482
4329
4948
5010
832
3178
9077
1361
6016
7461
7532
5267
7769
8581
1104
1476
7123
2827
4048
5006
7577
1909
3361
3587
4054
5380
9480
9564
4172
5299
5382
7397
1826
5705
8617
8999
1147
6867
7311
1838
4862
5519
5597
4023
8032
9556
1724
1847
5747
1155
6010
8321
893
7853
8377
3076
2025
4027
746
7733
9573
941
8342
8373
1872
3800
6513
8228
2562
8582
3195
4592
8980
1121
3520
5792
5823
779
2369
3056
6006
1753
1908
2830
5475
6825
7116
777
898
7274
6636
6819
7279
1603
5231
7325
779
9404
759
2708
2868
4873
1348
2164
7796
1981
7324
1235
1864
2266
5764
768
6183
8382
3891
4637
7634
7959
3049
4695
4807
3072
4547
6576
2212
7978
8439
9209
4209
8328
9420
1011
3551
8361
2442
5193
7551
2670
4581
7529
9289
9407
1136
5665
7032
4698
4736
6666
1573
1312
7098
6411
6986
7417
7515
2178
3370
6534
2469
3117
6612
989
4936
7870
1172
1219
4729
1286
2198
7254
1155
3431
5533
1583
2417
5876
1778
5887
8249
4224
6000
796
4955
6688
8201
2252
5943
6058
3982
9147
6068
7474
8452
2775
3911
6411
893
2280
2554
2257
5404
6957
1545
4014
6302
6351
3941
4659
8236
8593
3306
4485
5990
3699
4528
5127
7479
8370
8745
826
4494
2948
5140
8239
3271
4933
9589
1519
2140
4977
2304
2312
3007
1096
3320
9142
5407
5413
5714
1638
5371
1076
3249
4958
5158
2539
4191
4840
7268
3480
3605
4696
7677
4651
5219
5661
5685
8712
4561
6116
6918
6965
1994
5170
7165
7174
2192
2301
3026
1713
6622
8992
9601
7109
7954
1248
1472
5317
7727
1551
1571
6246
1113
2292
9249
2576
3054
2156
5634
9559
4960
4997
8718
1279
4848
6330
7266
973
1338
4415
1721
5035
5122
2035
2388
5254
8055
4314
4797
6670
9484
1764
2782
2977
6840
9622
6317
6473
6631
8071
5457
8730
890
3133
5369
7372
8973
2065
6564
9272
4858
8703
8717
2594
2821
6901
7002
833
2847
2934
833
2087
2105
2378
3147
4953
8381
1500
9627
1355
3294
5219
5252
7819
3849
4953
9077
1366
4387
6533
6772
3147
3178
3180
1794
7726
7865
3816
6459
7335
6110
6314
8809
1214
9518
1791
3749
7774
1139
4541
5041
8950
4297
9489
2118
6602
9039
1755
7862
8873
939
1930
3754
7045
1210
3083
1966
7739
8049
8610
964
1227
2862
9153
2506
4244
7168
2031
2728
7017
915
2493
6641
3111
5463
7958
3762
4952
4955
7917
2887
3416
7712
1762
5178
6620
1034
6908
8152
1138
5558
6628
3226
6681
8608
8731
867
4360
6012
3643
3847
6008
7238
1219
1222
4084
3113
4014
6117
8787
2399
2404
4570
6173
6938
896
5595
8120
3594
5367
5514
5546
6950
6987
8931
2566
4141
5221
914
964
1835
3559
3732
5024
7654
1226
1412
7970
8388
1120
8217
8301
9295
3285
5152
8210
4165
4276
5270
8020
886
6332
9374
4725
6355
7747
3326
3925
5762
7077
882
944
8760
886
3045
1007
2771
7610
7959
1613
7643
1526
3048
7944
8638
7551
2112
2819
8205
976
9014
909
1086
4661
6215
3320
8665
4827
7242
9436
1084
2498
5258
5523
5792
2512
2523
6351
9020
1094
3255
3998
7386
8119
2017
3404
6297
9334
1230
8296
1141
1401
2863
2976
4965
8813
3091
7008
8420
1235
2683
5628
6886
904
1146
5607
9215
1062
2367
5157
1749
3913
6411
7391
3384
4420
6168
6737
4154
7316
8356
3609
5153
7438
8807
911
4253
8593
4777
5561
9586
6215
1891
4351
4500
9138
4282
7718
953
4430
4360
4383
5268
5724
9227
2525
2809
2607
2665
6739
6899
4509
4572
9205
935
6739
6780
6958
5264
6406
7070
3750
4826
6569
8576
1387
2357
5957
2652
3650
5813
7139
1003
2207
5496
1619
2218
5783
2750
5930
5959
8568
2319
6066
8133
8578
5363
8128
8166
8784
1729
1946
2514
6560
1537
2821
6384
7775
2609
2760
4518
6326
1055
5658
8577
9167
979
4908
9492
1874
6899
4668
7145
8794
6355
9581
9585
2883
5412
8912
3739
5816
6211
4333
4501
5225
6225
3604
7385
3846
7798
8522
6921
8565
8567
2780
7502
1361
1399
7532
5891
8419
3422
5911
7465
2359
5762
5826
7053
1451
6256
4749
5142
9439
5123
6869
7757
2817
3402
8178
1086
1867
2429
3815
4508
956
4308
5198
2370
7744
960
2584
2910
3200
3807
5140
6732
8905
2640
3641
2916
2910
4240
8274
1963
6166
7592
2608
5973
6997
3813
4721
6665
8533
970
8530
3011
4395
2556
3151
8256
3414
4864
7750
7639
8747
2285
7510
2071
3992
4014
6071
6730
8786
9046
1443
6233
7907
2862
4662
5351
3910
7696
7816
8945
1402
4799
6545
1896
3933
5284
3790
4340
6733
1101
2708
5411
7122
1339
1897
3376
1391
3192
4635
5163
1658
6737
6781
9579
2364
6563
9011
1919
1958
2317
1328
3305
6526
1042
1829
4501
7671
1020
4926
3542
5516
6352
8841
3443
3514
4800
1594
4918
4962
4447
7256
8216
8923
9555
2742
6343
7767
8817
2103
2765
3853
4198
1004
8781
9078
1944
5396
6782
1512
1967
4358
6870
5383
6488
7539
1004
1639
2878
9016
3471
4704
8475
6856
8350
9590
1020
1058
4912
1316
1947
4298
7780
6447
7727
6399
7827
8225
9619
5731
6782
9560
1272
2003
5493
4705
6600
2221
2413
3735
3769
4406
7693
7717
1992
2721
5500
7021
3157
3300
6041
7822
7879
7905
2660
5484
7403
3274
3354
7121
8750
3052
5010
5645
7226
1416
3896
5351
9534
3235
5972
8373
4890
4905
5226
1961
1982
4900
9162
4506
5067
5351
2523
6126
6291
8928
2512
4020
5743
9286
2344
3387
8318
9344
1812
2023
2832
3125
1982
8470
9261
3822
4567
7715
8518
1042
3708
6225
7756
1747
1750
4474
4158
8165
3063
3101
6071
1283
1636
2928
2061
2125
2263
5751
7067
7289
8533
1847
2582
4295
5191
3646
6479
9442
1044
1698
4905
6310
6493
1761
4057
4455
1905
5226
5439
1051
2062
8073
8701
2028
6171
4095
4382
1159
3689
4853
6080
2750
5959
7247
9372
2155
4173
4182
2642
4378
1053
1611
6577
9150
1057
6002
8304
4802
5944
5028
7176
7271
4925
5562
2298
6292
9152
1093
2856
2696
5352
9076
2164
4095
9575
2659
7220
7916
4292
5155
2708
2885
4873
7240
3789
4723
5645
6917
8063
8527
4682
7142
8364
8371
1094
1833
7725
9014
1072
4454
9540
1741
4659
7671
7698
2084
2105
2813
3967
4692
5427
1074
2938
5455
1373
2404
6178
7273
2999
5459
2555
4966
6504
5152
5162
2331
5478
5907
6218
2475
2750
2805
3460
3375
5460
8324
9532
5326
5907
7824
8682
5470
5905
6218
1435
3375
5336
5905
6186
6188
7813
2226
3788
9453
1632
6573
8213
1868
6407
1274
1409
6621
6956
1409
4047
5474
7253
6432
6434
8232
3380
3456
7804
8314
1098
3715
7125
3447
8609
2624
6818
3935
3451
3586
4162
6894
3115
6858
7439
1393
4844
7681
1443
9144
3856
6636
8528
1323
1780
9037
1443
5355
6576
1110
9463
9468
9565
1978
2276
3500
7116
7119
1525
1964
4791
9561
3875
3968
9459
1967
2396
2848
6129
1711
8913
8956
3115
7099
7366
3367
5419
9449
1780
2618
7637
2276
3373
4992
4860
6641
8266
8406
9109
9447
5481
7675
9230
1816
7797
9179
1326
3188
5712
3322
3591
9583
4557
4621
5382
9391
1123
2320
4827
5651
4128
4251
6616
7564
2595
8217
1323
3096
4138
7540
3535
5702
5749
1346
5241
5427
9215
1738
6685
7892
5019
7423
7427
1738
8611
8644
1455
5172
7114
7882
3963
7373
7679
9139
2763
4225
9160
3810
5333
5491
9165
1374
3154
5582
5414
5807
7866
8433
1617
8503
1477
6647
7112
5530
8309
8433
2626
6252
9052
3591
5986
3129
8493
1245
3403
3643
6433
8782
1175
2813
7943
1476
4311
6233
4110
4292
2636
2996
5594
3638
5962
6068
9369
2278
5790
5873
7946
3113
6065
8879
4986
6144
6156
7883
4363
5009
2162
2168
3086
4803
8438
8496
8751
5397
6159
1687
2095
1255
2440
6607
8232
8781
1386
6580
1167
1892
5709
3743
3746
8722
4507
4853
7269
7291
1560
3359
1615
4499
7082
8545
2362
3779
8660
8697
1171
1266
3495
4059
8322
8595
1204
7044
7382
9568
6814
8060
9315
2036
2054
3472
7964
3511
5710
9546
5086
5520
8198
1218
7382
3573
3894
8375
1765
2084
2633
3144
5255
3578
4201
7923
1469
5008
6370
8404
1907
3692
3908
5813
1186
1755
5306
3242
5368
6367
3505
6021
6275
1211
3771
7775
8977
1468
3517
8478
1413
6951
8560
5208
8964
1491
5054
6202
2770
2776
8545
4867
4868
5837
3351
6101
8477
2088
6871
6987
4018
5109
9445
9565
3905
4710
6912
2389
9073
9157
1506
9058
9072
1264
1293
5337
8792
8944
8951
9445
1199
2831
3345
5859
7073
8692
7643
8090
8761
2712
3742
6324
1206
1249
2982
8220
2225
3668
1218
7693
9161
2254
3606
5753
8217
5438
7195
8670
2640
3668
5828
4151
4160
4360
4383
4843
1800
8978
3140
3333
8724
1447
3185
5372
5440
7709
8978
1242
1447
5386
8898
2327
3164
8347
2052
3575
8183
7205
1831
6705
1276
1390
8437
1252
2744
4540
3922
4675
4706
1477
4767
8698
1225
1832
5922
2383
7094
3539
6221
7064
4430
4531
5362
1262
3626
8488
4308
4385
4394
3401
9064
1303
2275
3219
7997
2047
2350
3008
6180
1515
4385
7673
9624
4520
7703
9117
6929
8690
6643
9633
1248
1802
5324
8902
4289
4687
4690
1298
5025
5242
1424
3361
4542
2762
5483
8005
1566
5087
6300
2400
2417
4691
8376
8748
1852
2422
4418
2886
8902
5331
8146
5768
8709
1567
3881
7401
1261
6321
9118
2351
9509
1405
1486
4648
5444
8756
1377
4882
3530
4877
6963
8603
5689
5741
5847
1263
1493
8191
1263
2743
7856
1557
7509
8428
2080
8883
8884
5422
8485
1742
8941
2512
5743
6291
7127
7655
8608
3494
3598
1271
1726
1270
1281
1783
5073
3433
3475
5589
1273
4187
9382
9616
2487
9118
9393
1631
5341
4627
7062
7682
4848
5977
2909
3336
7440
8461
3351
5529
5977
8481
3351
4854
9057
3707
3817
4015
9232
2043
6285
9393
1287
1317
6585
1849
6430
1685
5440
5498
5963
4242
7095
2716
5563
1296
7275
8972
9571
9572
1291
3707
4140
8086
6203
6579
6590
1292
8099
3865
6114
6158
6169
6291
1369
6031
6153
6600
2688
7431
3212
6017
6206
3469
6101
7749
2854
3865
1306
4822
6839
7080
3155
7427
1444
7507
8428
4112
6741
2271
7993
1306
2891
6839
4094
4182
2407
3484
7135
8737
9444
1746
4142
8646
3558
5860
8506
2374
7433
7886
5608
8589
8633
3449
8362
2160
6198
6258
7064
1679
4232
7344
2338
3268
4593
6289
2351
2978
9509
6203
7082
1843
6042
6553
4758
6042
6107
2431
2475
3222
8570
2545
6745
6877
7373
7679
8975
2618
7905
1329
4104
7768
9141
2062
2464
8625
1953
4132
8942
4016
5924
7349
2585
2939
4382
4427
1655
6712
6934
7068
2166
2181
4400
4402
1341
6484
6983
7178
7277
7750
1336
1735
7107
1482
6589
7098
1337
4523
3534
6625
3978
6598
8893
6170
6316
8445
2341
5656
6078
8596
1342
4052
5732
6715
1980
4648
7175
4087
8247
9164
2005
4581
6404
3690
3914
1938
2154
7568
9055
4376
5281
2064
8366
4239
8031
8272
8897
4374
7138
1453
7107
2642
5260
8701
9026
3849
4867
1655
2942
3167
8897
5338
7631
8323
1669
6208
7153
8017
1582
4780
6205
9103
4086
4213
8234
2902
4810
1923
2171
4350
1520
1984
7940
4961
5007
8641
9247
7902
7914
6835
7300
9182
2249
3540
6135
6500
6876
2465
6207
8361
1574
2845
6955
9277
3238
3773
4863
5629
4684
7629
8121
4448
6550
8159
3495
3515
1971
2907
6635
8012
1379
2178
2592
2848
3516
7436
6121
6135
6154
3834
7589
4173
4188
7031
1901
2491
2853
6545
3072
7689
9349
6051
7561
8589
2006
3617
6665
3496
4131
5928
1389
3689
6187
2296
3355
6146
1425
3098
3508
5851
4076
5612
5728
6053
7266
2665
3400
4978
6055
6145
8589
5920
6983
2413
2732
3621
4234
4391
6023
6604
6714
7462
1398
7589
8241
8896
4042
7597
7604
1440
3411
6034
6358
8775
8963
6370
7595
8135
3774
6115
1557
4051
5637
7509
8851
9004
3047
4332
9365
3750
7097
8576
3631
7668
8290
3359
8546
1631
6825
2624
4932
6850
2691
5852
6972
8400
7969
8329
8389
5573
7288
2407
4270
6438
7288
8030
8560
9097
4912
9560
1428
4176
7341
8686
3114
4833
5481
6339
2833
4698
6439
4371
4405
4415
2899
6142
8553
2701
4702
7335
7477
5341
5404
8538
3390
4781
3678
5836
6216
3583
3758
5825
8857
5619
8322
8590
1587
3732
5856
2289
3024
7329
3969
4662
8105
1609
3175
9158
3014
6649
6763
7261
1490
2126
1647
1959
4072
1586
7337
3910
3962
1959
2055
7248
9013
6831
7356
3212
3313
6044
5882
3075
3643
5564
9159
1752
4057
4930
8910
1557
3720
7150
2904
7361
8604
8647
2646
5190
5425
3221
5963
2619
4280
8844
3750
5754
6418
2079
3757
4518
7774
1894
7593
1806
3749
8980
4605
5371
2747
7376
9208
1756
6625
3096
7538
8878
9423
3227
4158
6724
8936
1842
1989
6895
8127
1628
3492
7739
6584
8626
8645
9101
1473
6235
9015
4927
6455
8574
4483
6399
7635
7779
8102
9517
6134
6568
7051
2810
6232
7723
3123
4556
7552
7699
2305
3349
7150
1633
8922
9207
3307
4953
5415
1810
4866
7826
8976
7959
8449
8456
1799
7381
4243
6871
6948
6987
1971
3238
3464
7014
5355
7119
5591
3356
3368
7994
9361
5858
7743
7746
9087
1689
5744
6341
8793
5014
7548
7612
1621
8362
3104
8665
9142
2108
9445
9565
1813
7171
9449
9461
3126
7665
8922
5025
5037
6660
8075
5047
6126
6960
9579
2075
6351
8239
1647
3780
6250
9351
1696
3998
4668
6303
2114
3015
3172
5296
2102
8113
8547
8947
3064
3743
3746
3269
5873
7946
2283
4395
7297
4180
5796
8352
4297
8873
8014
9454
4126
4564
4574
8882
3905
4710
6948
9449
1507
1604
6536
6790
4210
6463
6645
6755
1633
4098
6374
1562
3062
9292
1584
1620
9025
9450
1521
4026
4330
7971
1641
3153
5378
7326
2213
3292
8300
1577
6128
6129
1928
1950
3746
7087
1794
7776
1516
6191
7685
1790
4743
4991
6499
7444
7685
1972
2151
8622
4558
6423
4374
5301
7490
2000
4764
6136
3628
4349
5606
3232
5555
8062
8753
2377
3006
4807
1818
2111
3558
4047
5342
2982
4450
5173
8531
4194
5442
8105
1533
1877
6252
7886
2228
2658
3689
5602
2138
5041
7046
3813
9359
1790
6509
7685
3244
5559
9561
4328
5142
9442
3920
7077
7302
2360
1540
4777
4784
1540
1854
1974
3280
1544
8248
5864
8631
8860
4378
4921
8073
9009
1544
1649
1974
3618
4784
9295
2512
8619
9175
4020
4994
5750
9020
6304
8206
2406
2843
1571
4664
7002
4221
5497
5613
6794
1569
7763
4355
6032
6037
7117
7279
8340
8448
4055
6775
9564
6982
7042
8706
3086
8355
8594
8708
3723
3695
5340
5939
3095
7115
8408
2331
7598
2172
3714
4067
4856
6269
6536
3570
3804
4792
5910
7208
8087
1566
3189
4922
2749
6867
7406
7499
8700
2197
8212
8828
1571
7991
2128
8662
9615
3425
9612
9615
7312
8297
8680
3430
9307
1659
2242
4371
7308
4455
4463
5731
2150
4215
6136
2114
3121
4228
9324
6592
8407
9316
1933
2160
7970
7981
8064
6044
8624
8627
3818
7274
8710
1629
5498
8005
6025
6031
8498
3339
3375
4176
6139
3070
4109
5826
8336
2339
4717
5677
7549
1728
2781
4878
2200
8169
8821
1603
4079
7086
8839
2086
2414
5110
1596
3285
5635
4076
7818
8689
2030
5110
6733
2067
3233
8206
9250
2377
7952
9599
2136
3381
5023
7459
2112
3340
2277
5782
5958
9524
1616
1871
8715
4199
7153
7333
7344
1832
5868
8696
9095
3235
4732
7834
2687
3814
4582
2322
3823
4794
7909
4731
7121
3380
7050
7084
6292
7916
3073
9085
2499
8092
1626
1635
1737
2137
2357
5960
6585
4760
4921
6085
7032
7457
6562
5866
6697
1629
2338
6289
6562
6589
7032
3440
8401
9112
3413
3956
3986
5810
3500
5480
5889
6592
7703
9402
4459
5104
8214
3070
3748
4341
9059
3499
8049
5941
6602
2821
3771
4505
7152
5346
1763
4100
6978
7665
3854
5798
6053
4203
6998
9334
1792
1759
8964
2673
4375
8306
9576
1654
2180
2692
6091
9465
2409
2632
4259
4274
3129
7826
7884
7401
8592
8749
2452
6289
7158
9344
1766
5222
8021
4674
5003
7547
8260
8916
2098
6092
5543
6844
8116
1672
2536
6837
4881
7406
9368
4010
7357
7497
8856
1792
8674
4052
5765
7718
9340
9511
3037
3040
4070
2504
4146
6966
2001
4227
4384
5698
8573
8577
2093
5760
6118
4246
6230
6273
2506
5515
8797
2543
4168
9422
2321
2394
4820
8939
1819
1887
8919
9276
2470
4796
7810
3341
4215
4913
8154
2184
4782
6361
6210
6790
7153
5069
6786
7708
4116
5296
5688
2434
5989
9204
2676
3704
9172
2458
5089
6348
9390
2975
5071
7162
7405
2817
2819
4595
5026
9418
9496
4233
6533
1904
2020
3506
5226
6698
3740
3228
7388
8750
3073
3481
8056
4870
8720
3508
6164
2340
3675
7833
2922
6845
7710
6230
9178
2501
2575
5482
8024
2726
2777
6631
9296
3675
7833
7999
9039
2613
6336
7179
1857
3172
5688
6261
5051
5643
6494
8872
9419
2985
4776
9586
1904
4209
2387
4275
8796
2026
4265
7358
2574
4206
4211
1711
2864
3923
8909
1705
2282
6586
8059
2452
4944
8192
8629
1922
2242
6584
1716
1782
3721
5143
3242
5381
5430
9129
5600
5609
9567
3387
7999
2793
4092
5301
3068
5181
4023
4486
4495
8818
2241
8801
1739
1748
6925
8995
3826
6810
9616
4077
7986
4798
7123
7124
2497
2514
7676
8756
1941
9485
1941
2657
2629
4611
5313
4546
4626
6369
4334
4728
5219
2582
3270
5725
5245
8671
8761
3927
2814
3924
8764
5122
9400
1769
3801
8766
3977
5077
5124
5260
2369
3056
5995
1777
3193
4568
2559
5055
8846
2741
8932
9408
7939
8172
3950
3951
7581
1771
1777
5726
2489
6442
9367
9385
2140
5036
6423
9099
1904
3108
4905
2371
7503
8191
1760
2697
2656
7001
8801
2962
5041
9052
5887
7143
7553
8170
4296
4159
8084
6410
6873
2662
5119
5666
4757
5449
4381
4424
5009
5208
6390
1759
5172
5178
7305
4636
8186
2793
3701
7490
5691
2180
8674
4000
5174
4402
5011
8306
5250
7125
2586
4282
2519
2933
6340
7758
2131
2673
8966
4211
4893
5084
8286
2514
3029
2222
4551
7037
5548
5727
8214
3801
5040
8763
6202
9122
9604
6795
8096
3708
4326
4906
8918
2099
2602
5212
7429
1781
7429
5022
8867
1856
9123
7240
2099
6776
2172
2864
4067
5583
6328
1808
7072
8978
3933
4481
4502
2714
9135
9533
6490
7336
8463
4601
6422
7836
2684
7516
7775
9531
6252
7856
1806
9531
4456
9464
3158
4441
8268
7895
2123
7184
8967
2562
3497
6682
7583
7900
9513
2193
2527
6881
2079
3757
9518
6416
7716
7772
9421
2947
3906
8283
9426
7496
8774
8778
1807
8845
9178
2360
3195
1824
5141
7103
1819
2756
8180
3123
4869
7884
2211
4304
5093
9283
1815
8069
5080
8929
2088
2105
2717
2100
2220
3074
2843
7791
3052
4791
4795
2753
2754
3522
5623
5850
6345
2557
6099
6969
8171
4980
5094
6521
1836
4295
4317
6990
9361
2458
3884
5087
1881
3575
1910
4084
6557
2789
3972
5649
1896
4659
8235
2510
3677
6673
6679
1837
4698
6046
7144
7732
2342
2636
9370
3308
5421
1847
1882
1840
4936
6439
5251
4316
4457
4548
6555
8169
9285
2317
4417
6885
6591
7494
9432
3610
4278
4359
6717
1856
4533
7910
9143
4813
7891
9083
6760
4793
6108
6469
7219
4456
6809
3578
3651
7314
2675
6446
6796
6312
7340
2120
4549
5113
5593
2000
6466
2089
2516
4244
8810
6243
6676
8890
3000
4116
8558
2063
5101
8850
2043
3877
6278
7386
7546
7725
9628
2653
4242
8687
9348
9357
2681
5628
8316
3009
5424
8779
8784
8914
8928
8934
1868
3308
4194
8089
1912
4832
5993
7118
2416
4260
6933
9009
4293
4524
3370
4025
4294
4754
8143
1916
2045
6683
1903
2051
4006
8540
2516
2653
4242
7059
7922
1884
3116
4200
9226
2246
2898
6125
6335
6499
7885
2987
4325
8999
8151
8540
2797
7345
9409
3782
5289
8952
4245
4259
4274
8075
2887
4201
4893
6952
2116
4006
4285
2674
5996
8803
1895
2825
5018
2001
5594
7311
9035
4828
7151
2227
5602
6190
3310
6663
7101
7212
7205
3371
7971
4501
4908
3394
7787
5506
5835
8381
2237
3553
7956
3492
6546
7482
7687
4799
5422
6020
2549
3935
5147
6430
4003
8151
9256
9420
3506
4673
3445
3654
6890
3648
8689
1910
4376
3173
3600
6005
5281
9573
4698
4736
4814
6664
2333
2874
8900
1997
6144
2806
5469
8935
5227
6671
6785
6890
1919
2149
2317
7282
8717
8875
1979
2319
4283
5695
2152
9218
1924
1935
6892
9588
2846
8739
8779
4415
5401
8645
3685
7023
7392
9300
9510
2206
6308
9280
4160
5107
7684
3918
6358
6446
3301
5229
6601
2275
5684
5926
7993
1960
3739
6327
1932
7392
5571
9588
4755
8143
2136
5166
5575
5771
4751
9510
4258
7745
9340
2876
2888
4526
5033
8031
3021
6800
7812
3803
3927
7602
9616
7364
2186
4810
6030
4302
4514
7925
5724
8216
2969
5630
5641
9506
4214
4609
5040
7926
9481
2351
4535
7928
8872
9155
9160
3460
4985
3549
8597
2313
5236
5657
8788
1975
1987
6857
5794
8302
9081
3238
3569
7213
7884
3916
6741
6759
1989
4267
8832
4065
5003
2264
2311
8395
3604
3622
7385
2307
8865
4749
7003
8140
3832
4749
5142
6715
7348
8219
3645
2598
6177
6196
6283
9319
2298
3599
7077
7302
5063
8491
2950
2150
6128
3163
4578
5786
8147
2971
6313
4269
6842
2568
5787
6138
7354
2828
3004
5670
2362
3284
7658
1987
2580
6763
2015
9365
8774
9577
2625
4519
2796
3777
5192
2919
5306
7943
2480
3179
9183
9631
3755
4283
8942
2867
3134
8567
2632
5003
2580
3007
9087
5467
9303
9306
2468
2474
4491
2069
6024
6774
3019
3023
7177
4148
6006
7160
7186
2450
2746
5916
4165
5502
1999
5253
6129
6933
5235
5238
9605
6313
2507
5863
3134
3866
4206
2028
6535
2013
2033
6764
8270
7175
3369
4721
6157
3906
4137
7634
3609
4464
5153
3639
4473
7086
7641
4281
4324
6112
3358
5636
6668
7351
3283
6812
9221
3733
5139
2078
2716
4842
6123
7379
4451
5233
6213
6337
2457
4665
5145
3795
3828
3987
7290
2874
8900
9089
2763
5285
3557
8013
8132
2174
4171
5305
6804
8268
2236
5966
8022
4288
4796
4801
8562
8565
2566
4818
7737
2515
5493
2040
3756
5132
4340
4946
8242
3513
5991
4392
4870
5473
3853
8209
8512
5245
6495
8134
3356
7159
7786
2474
3471
5525
2381
5997
6338
4117
6336
8092
8103
2880
6242
3434
6501
6814
7424
7938
3420
6516
5583
8101
6814
7424
7427
3169
6885
6899
2066
2244
2295
7613
5806
6392
8094
4931
9587
3784
5325
6384
8033
2103
6701
8276
2119
2939
4744
5186
2065
2386
5165
3547
5522
4072
7237
6963
8436
8488
5334
7384
9319
9331
2237
8357
2726
2758
5300
6762
4690
6376
9250
9519
5721
7294
3694
7327
4307
6183
2142
8702
2960
8257
3504
3537
3857
3004
5063
5308
8582
2386
7873
2200
3233
8169
8643
3944
4706
7874
2541
4286
4907
4575
4693
7795
3402
3485
6848
7795
7960
8819
2168
3512
7572
8397
3438
7956
7964
4366
4482
5039
6296
6786
2680
3907
8980
4516
5662
6109
7478
8033
2378
2123
2195
2570
4224
2503
3694
6099
2088
6950
2197
3885
3707
4140
4707
9223
2108
2612
8944
3737
6855
9008
2710
3270
2348
3614
5466
5605
4111
4139
6837
8667
2109
3949
7377
4714
4718
4783
5767
6817
2215
5191
6760
3132
3691
7320
2851
4205
3753
3874
5745
9329
8688
5048
7741
9595
3052
4312
7227
8435
5419
2230
2588
8199
3412
5735
4756
9613
3193
5102
5212
5569
6353
5291
5780
3240
3968
6108
8819
4962
5727
8204
3191
4471
6305
5418
9134
5633
5726
5234
5273
9345
2494
2532
5100
6779
4074
4277
6054
6486
5622
9633
6412
9223
9232
3825
4504
5627
2904
9222
4277
5319
7664
8199
4082
5091
2861
5664
6424
2146
2606
8517
4373
7859
6700
8016
8104
5153
6735
8214
8993
2701
6075
8596
4247
4391
6460
5770
7570
4461
5210
6998
6184
6461
2248
4081
5951
6622
9148
9603
4676
5161
7370
9222
7562
7841
3404
3812
5322
6998
7545
8674
2554
8377
9294
2853
6545
5640
5935
7472
2587
4533
7910
3177
6152
6769
8622
9005
3049
6690
4267
8287
7586
8289
8416
8429
8654
9601
2384
7298
9141
3152
8142
9399
5997
6463
6645
9475
3440
6001
6548
5661
6197
3352
4781
5888
3350
8397
3120
8288
9221
4380
5182
3323
4940
5504
7751
7859
3577
4752
7106
7567
9084
3463
7042
8313
9168
4089
5160
9575
6746
3067
7296
3140
4821
5843
7289
3845
5556
9149
2526
2934
3693
4378
6648
9009
5316
6193
6280
8587
8153
2182
2961
5717
8177
2878
9576
5389
4075
9332
4075
4437
6915
6264
8087
2919
6390
7940
9529
6016
6207
3366
4437
5713
4411
4530
3140
6665
7289
5001
5044
3365
4655
3018
8358
7790
3417
6009
7299
2304
2577
4310
2232
2479
2498
5245
2437
2653
2439
8000
2202
2223
2229
7976
8159
4099
7469
2436
6402
3245
6822
3628
3978
6598
4414
6886
8690
2208
7446
9450
3322
3446
2209
3385
5448
2210
5535
8728
3385
4790
9198
7713
7847
4948
4954
7794
3838
8394
3759
4885
9080
4313
4412
9256
2227
5531
5620
7813
2219
6601
8727
3385
6308
3191
4412
7983
2310
6603
3139
7355
8077
8759
2261
5833
6856
2608
2323
2356
8322
8744
2652
4512
9378
2442
2780
8759
5027
6505
9523
6883
7282
9164
2501
8093
8671
2239
2256
5988
3393
6964
7056
2832
2893
4522
5718
5971
5974
8473
3399
5564
9159
4390
2250
5885
6005
8984
8992
4415
6730
2281
4898
6729
2260
2588
8257
3533
5896
3528
8498
6040
8627
3858
8932
6045
6121
3411
6034
6045
4826
6414
7318
8564
3405
5699
5700
2254
3433
4724
4720
9098
2288
5164
8011
2654
2786
4615
3851
7946
2259
2365
3887
2461
3810
2295
5207
6496
3245
8350
2264
2329
2791
2268
7614
3739
8900
9388
3802
8690
9067
3109
4897
8155
7607
2465
6109
8361
8369
2705
3751
4720
7471
9091
9233
6816
7609
7621
2288
3062
8011
9292
3065
3562
5889
5400
8742
8657
5394
5409
3386
5777
4047
6624
7253
2548
7222
2290
6726
6730
5491
7156
8783
7228
8158
9071
3248
8732
3357
4854
8477
3517
3720
4771
7150
2302
6441
8057
2450
2746
2751
7192
4860
6638
2647
4683
8010
2300
5546
5781
2303
7614
3335
6206
7260
3548
4859
5514
5180
7053
3547
5982
5987
6096
8473
2318
2327
3148
4683
7343
9417
2309
6000
3711
6973
6982
3262
5974
6001
8487
5927
8550
8866
4193
5878
8078
4136
5615
8424
2380
6327
4310
9460
9632
2854
5759
6114
5823
7479
8745
9623
4129
4941
7179
4186
2325
8358
8405
4049
2625
4519
9436
4117
4846
7035
4824
6725
9437
3788
4679
6334
2337
7186
2343
3376
2501
3895
7035
8103
7131
2330
3895
4950
5858
7342
8394
3888
7176
7743
6035
5557
5742
7543
8623
7118
9133
3473
5684
6010
3672
3806
5941
7443
5700
7474
7950
6467
6477
7909
5955
8430
3556
8004
8631
5483
5586
4357
5631
6947
9521
3394
8729
3798
5458
9614
3773
5808
8436
7480
7892
8244
2451
3798
6089
5802
8628
8632
2374
2742
8996
3091
3135
9528
2628
2353
2363
2422
4235
6914
6947
3879
4804
8959
3736
5930
5950
5523
8983
2773
3736
3231
3640
6678
5711
5729
5737
9048
9050
9522
5480
5939
3423
8626
4657
7785
4892
8525
8895
3205
4959
5712
3139
5072
8955
2959
2964
2981
8265
5994
8026
6388
9003
2977
8678
9621
6256
6901
7869
4999
7135
9629
7767
7823
8679
8736
4695
4708
9459
4689
2847
4557
6515
7807
2389
5999
4266
9475
2596
7763
7476
8560
7281
9147
4167
5233
6337
7771
4167
6694
6896
8110
8848
8395
4573
4574
4613
6536
4168
5527
6671
6905
4320
6984
8363
8563
2774
3126
5195
2402
2442
4817
7729
9191
2592
4028
5253
2399
2438
2530
7432
6706
6764
8557
3217
6179
7731
3196
5223
7169
9618
2836
4670
8939
3032
3124
4708
9599
4448
4677
3683
4321
2615
5579
3118
5729
7043
7048
4275
8838
4619
5353
6243
6261
4322
6902
9047
4041
4255
6066
6849
2794
5817
2494
7322
8993
3993
4768
6502
8715
2421
3659
5650
7495
9398
2680
9234
2431
2732
2783
8296
9403
4276
5539
9456
3210
3413
8719
6397
8316
8467
8755
2513
4914
5230
4440
5638
6471
6916
2520
3295
3328
5880
8757
9137
3688
2433
3537
3584
3827
3181
5094
6527
3131
6506
5204
6719
8915
2442
4817
3684
5030
5103
4344
6132
8108
2716
7436
2478
8000
2490
3516
4842
7436
6687
8828
9503
3770
4752
5933
9112
3113
4002
9282
9503
3482
4301
2968
3885
5145
8810
3623
5675
6088
6524
7445
3806
7443
9387
5377
8632
2529
5061
6415
5368
6290
6367
6588
3027
5990
7211
7915
2524
6282
8068
2968
4639
5516
7310
3482
3538
4730
9376
4819
5164
9165
3294
4429
7850
5662
5904
5199
7704
2494
5748
5506
5968
7493
7824
7828
4701
4725
9585
2599
3835
4082
6652
8662
8664
7109
7624
7810
2721
3438
2732
2794
3559
4131
5024
5677
5999
6131
8432
2485
2551
8664
4879
3652
6979
8485
3424
3838
6961
8300
3630
4792
5083
3002
3003
3154
3304
3318
3590
8106
8835
2502
3446
3591
8158
8611
3037
5986
5632
5949
6941
3527
7525
8428
3521
7141
2497
3921
3928
5912
4336
5101
6922
5131
7508
2551
9453
4117
4941
7181
3109
4891
5258
5983
3700
7322
8850
3119
3388
6737
6710
7835
8273
8277
5857
4227
4235
6914
3383
4356
6734
6407
7819
7878
3571
3610
6347
5102
6747
8178
2557
8095
9248
5131
3214
7295
5550
5183
5357
8051
3745
4641
5012
6382
7270
7771
2707
7924
9504
9626
5668
6229
7674
6322
6910
5508
7033
3859
5292
7680
9489
3701
4642
7490
3963
5202
9498
2838
5508
4344
5297
5318
2849
5430
6805
5748
7167
2911
3803
7419
2540
3828
7221
2539
5883
8080
9553
3230
4404
5287
4161
4794
4840
3069
6232
8443
8446
4794
4841
6099
7945
3830
8072
5273
5527
5593
6798
2544
4577
8848
4451
6213
9422
5066
6736
3889
4238
4254
6631
2694
2721
5126
5784
2568
6138
9554
6571
6574
2837
9538
5159
3342
3343
7039
4068
7359
8349
5552
7592
5276
5551
3702
5230
3463
5976
6115
9168
2720
2979
6610
6646
5214
5359
6572
9036
5063
3777
5194
5138
8292
8559
8140
4316
6595
6925
6969
8138
8812
5790
8349
2960
7607
4226
6262
6989
4250
9115
5175
5510
5883
8080
4178
5203
6150
3895
5626
6342
6263
5356
5622
5865
3145
3670
7113
8638
2816
4881
7499
4049
7185
5283
6742
7377
9326
3797
4957
2916
4243
7235
2951
6354
9045
4003
5207
6496
7651
7718
7773
7894
4517
7393
2593
6325
7284
3216
5308
6646
8830
6393
7535
8153
8953
2609
9426
4505
5205
4924
8220
6325
5572
8986
9257
9318
6141
6931
6946
4288
6092
6436
8916
8227
8938
9290
4203
5343
6353
2971
3618
4327
8219
2971
3799
6313
3770
5829
5933
5829
7350
2663
2839
5020
2611
2759
2620
4029
5167
7519
8958
2617
5062
6107
7557
8684
8889
2615
4394
7781
8519
7179
9169
4032
4172
7560
3641
6655
6063
7822
4690
5085
4513
4631
9426
2905
9288
4620
9526
3776
4256
7027
2638
6847
2628
7503
7856
8950
2707
7980
5035
4956
8090
8103
8175
4199
4290
6750
7086
6250
8838
8952
9226
4316
4457
6242
8711
4470
6878
7769
3884
7310
4496
4699
6458
3604
5651
3409
4891
8911
3580
5760
3977
3564
6100
7931
2652
2658
5618
8740
4472
7641
7948
2927
4886
9201
3148
3293
5526
6830
6833
8599
9366
9427
7168
9154
2980
7622
9350
9481
5719
5103
4878
5988
9400
3686
4350
8800
4611
4612
3665
8744
5754
5897
6568
4940
6830
2961
3369
5602
6190
4998
5912
4074
7400
9331
2674
6517
8803
2839
3169
4486
7885
4738
6699
7962
7370
4549
5314
6767
7374
3731
4444
5171
9630
2758
2762
2954
9607
3615
5769
6450
4390
4615
8803
2683
8849
9138
5237
6490
8273
2682
8400
8462
3611
7603
8680
8363
8383
7682
7868
5281
6557
2884
4965
6949
6072
7477
5396
7423
3020
6829
7353
8082
4140
8575
9257
2709
8168
8679
4061
4579
6749
6995
9547
3564
5514
6100
4666
4688
4898
9270
4910
5256
8937
9113
9355
3372
4167
5031
2705
3535
4720
4334
4845
9543
7460
2920
5097
9548
4286
6933
8073
9605
6721
7163
7245
8605
4540
7782
8091
4037
7928
3674
6401
6972
2711
4011
3270
8184
5814
9124
3863
7078
7083
4539
7038
3919
4407
7903
2722
3367
5419
4826
5739
7318
4134
7341
8630
5055
8774
9577
7010
5522
7964
2865
2903
5629
6546
3053
5994
7642
9507
3053
3759
5588
5636
6713
4421
5576
5831
2834
2865
4863
4508
9010
9178
8312
8865
9593
6594
6994
2784
4422
4435
8883
5449
7587
2750
2770
8532
8552
2918
4086
4222
4435
4559
6318
6926
5217
6766
7988
8259
5097
5639
9502
3859
8800
9346
7506
6791
9003
4616
4743
8941
3090
7622
9509
5217
6691
6766
3740
3699
4641
4922
4972
6766
4922
8837
3503
3737
7205
7838
7900
2756
4317
5162
8919
3721
3922
7740
4295
7420
4835
7331
7502
4831
7348
4758
4366
7897
4315
2944
9155
2851
4111
5763
3738
5005
6701
5635
6733
5312
6767
9012
2799
3439
5298
7659
7978
8041
2784
2899
6994
6995
9027
6146
6585
4379
4580
8501
3915
7529
9206
2783
8548
3110
3897
7347
6509
9504
9505
9626
4480
4496
6650
8334
7551
4299
7757
5197
8678
2784
6142
2787
5373
8763
3858
7527
5040
9481
3218
3462
8804
5272
8804
8885
5649
8020
8804
3838
3222
3735
7719
4368
2805
3735
6615
2798
5315
3927
7602
4265
8007
3295
3360
4377
7492
7600
3081
4918
6807
3202
4653
4656
2846
5424
7413
5107
6446
6796
4985
5416
3331
4401
4524
2811
5099
9259
2822
7202
4618
6868
6521
7089
8091
8672
8684
8688
7528
8763
4056
6727
9463
9482
2829
8023
3791
4092
5172
5264
7070
8178
3728
8935
7583
9034
6802
7413
7963
8652
8658
4684
8497
8652
5860
6175
8541
9539
5075
9480
5310
8582
5482
6832
7177
4314
4424
5117
5853
9539
8268
9327
5392
7936
3510
3569
3042
6332
9360
9374
5193
8261
6395
7699
5896
5902
6095
5327
5349
2857
2874
7206
4096
5906
6397
3483
4393
8241
7362
2849
3327
5614
2848
3277
3834
7554
2933
6513
3254
7115
6722
7036
8066
8569
9225
3687
3696
5866
7030
7258
4192
6408
3952
6954
6959
4926
9592
8010
9108
4126
4789
5893
6467
3121
6846
5865
6643
6826
2929
4734
8474
3980
9014
4580
5143
5931
7017
2872
3966
7988
8259
3965
4271
4969
4100
7538
3487
5624
5656
5936
5182
7383
7854
6022
6295
9089
2887
8167
8486
2879
4969
6150
8045
6295
3724
3726
4975
7455
2882
3466
5980
6038
7034
7036
8066
8065
6160
8486
4869
5220
7792
8162
9454
5361
5805
7189
3776
2990
6160
8572
4550
7537
9470
2897
8456
9036
6638
7189
4632
6224
8256
8617
9327
4643
8039
2946
4502
4525
7860
3151
9327
2898
4781
5888
6125
6574
7858
9102
4534
7816
5385
8460
6025
8532
3360
5298
7363
7382
9375
3229
5672
9107
5804
5931
9070
5694
7357
4305
5091
8415
5629
8466
8487
3918
7110
7896
3104
6056
7303
8387
4262
7602
2941
3092
7974
3359
5672
8874
9305
5789
8503
9111
4068
6578
7506
8984
2951
5368
5610
6392
4239
5263
4535
9405
4617
6200
6231
9548
7922
4528
5012
6382
9130
4534
8646
9359
2926
6424
8071
8200
5246
5745
6241
4866
8976
9200
5147
6427
4707
5683
3247
8111
8408
2936
3247
5557
5742
4710
4712
5042
3693
4297
4712
8814
2938
4454
8111
3950
7550
7627
8237
4003
6500
8556
5646
9471
3241
6519
6934
3624
5545
6290
3502
4428
4663
5454
5876
8117
4315
7864
8325
3402
3791
2964
5551
5599
8472
8012
6980
7982
3476
8544
8621
3514
3942
4772
7236
8299
8306
3843
3976
8483
2997
4851
5521
7681
3226
3228
3589
3204
6813
7972
2963
4001
5655
2993
9378
6184
6879
5655
6999
6999
8733
3080
4178
4211
6684
4214
4609
9402
3523
7625
7961
9446
5111
4609
7047
9401
4007
8933
5732
5555
6082
6469
9606
5079
5806
6394
5046
5457
4303
4569
9001
4179
8572
5197
6461
4298
6554
9392
4685
9033
9322
6543
8770
4001
5236
6784
8752
5634
6843
8753
5467
6466
6882
9303
3203
4718
7973
7975
8669
3420
4024
3204
3396
5671
8121
4685
6150
9320
3126
4379
6438
7076
7878
3010
3156
5604
5155
7791
4046
4491
5800
6348
7314
9270
3357
4854
8480
3130
3842
8278
4971
5503
6718
8683
9049
3010
5717
5846
3005
5581
5540
7101
3190
5864
8164
3030
4701
4257
6763
5378
5610
8461
7684
8775
4821
8054
4210
6753
3282
4432
7333
8038
3018
6628
9263
3870
5695
3138
6508
4038
7193
4676
5771
7093
3022
9217
5168
8930
3362
4655
4839
9562
3761
8698
9263
7165
5517
5827
8521
5761
8309
8521
3761
8347
4155
9203
3398
8303
8703
5948
7528
4806
4807
3324
6309
8455
3038
4711
3185
6608
7206
3036
3269
6956
6978
8213
8218
3043
5873
9317
4842
4027
9599
5978
8482
4748
5428
3050
3567
6062
5157
5578
8261
3048
7944
9313
6431
4050
6332
6413
4009
6558
7027
9596
7394
8036
9353
3568
6956
5820
9317
3611
6897
9140
4329
6464
3141
4133
5492
6718
9049
9309
5997
6537
3491
4973
8389
3064
8054
8721
3127
6690
9563
8380
8571
8743
3231
3681
4901
8787
4387
7343
3319
3992
8050
8380
4341
4988
4917
6975
8933
9582
7736
3989
5143
6443
7621
3554
6002
3087
5397
8330
3715
5250
3607
4578
4957
5786
3354
5830
6681
6466
6468
3098
8052
8579
8869
3087
5395
5398
3397
5445
7131
5556
6192
7243
4338
4521
6110
5783
8722
4843
7567
3088
4051
4843
9084
3587
5490
8388
8255
9084
6010
3379
7571
8340
8246
8297
9075
4222
6549
5806
5648
7326
3224
9079
9522
3095
7627
8111
3254
9037
9609
4598
6816
7879
5936
6164
3103
8037
8544
3324
4413
8430
8728
4994
8620
3103
6961
8037
8302
3424
5378
5648
8687
9387
3613
3764
8244
3398
3613
7698
5300
7083
3127
3319
7191
6333
7279
8340
8079
5265
8128
8683
3122
5326
4332
8039
3231
6373
6680
3819
6626
9232
6660
3545
5220
4017
4793
6903
5705
8179
8617
4268
3830
4688
9199
7601
4944
3306
7915
8148
5030
7061
6862
7448
7360
7933
5369
7450
6852
6858
4821
5843
8721
4623
5291
5528
5607
5604
4884
5269
6700
7648
9080
6526
6776
6817
6702
8914
3563
5480
8513
5511
8237
5835
7334
4532
5978
7173
9057
4997
7990
8738
9328
8109
8795
8193
8237
7814
7142
7661
4507
9378
3164
3436
6556
3310
5717
7212
7065
8256
4433
5627
5642
4805
8139
9459
9563
6797
9022
3300
7131
4202
6876
8556
4532
6638
7173
4039
6254
8668
9241
9501
9632
3192
7908
3666
4237
5710
5845
8824
9044
4228
4812
4542
5877
7909
8836
4995
8750
4161
5597
8098
3384
9218
5505
3198
8415
5779
7677
3829
5108
3459
3687
7111
4175
4219
5081
6923
3198
8122
8145
5386
7414
3194
3210
3986
5647
9050
9309
3205
4132
8145
6300
8842
5308
5311
5616
4536
5786
4013
6683
7429
8205
7104
7811
7660
8061
3441
9174
9590
3205
8531
9330
9448
3256
4477
6902
9510
4505
6996
4026
6692
3371
4684
9238
3497
4377
5121
6940
3659
5815
3209
5869
6722
6604
4226
4883
6989
7267
3225
9048
9079
9242
5560
3219
3752
8742
6575
6610
6633
3542
9298
5776
9040
7469
5676
8253
9235
5372
7211
9203
8569
3234
4947
8974
6261
7295
9240
3274
7127
3338
8165
3274
4090
6034
4192
5025
4146
3244
4319
4448
8426
4692
7319
3655
7385
5973
8245
8635
3635
3847
4732
8403
3278
7115
8808
9373
3874
5043
6320
4889
4053
4741
6003
8487
4756
3314
4274
5029
6660
5609
5809
6441
3250
4345
8210
5158
9266
9583
4007
6504
4603
4847
5893
7250
3259
9352
4668
5147
6427
4240
9004
5733
7143
4277
5286
5290
6473
3327
4745
5745
7188
9220
5129
8088
9413
3344
8466
4428
6217
3273
3288
3839
7747
3266
3268
4971
6658
3267
3619
4745
6658
5511
9344
5341
3536
9457
3466
4696
5805
4713
4783
7129
6630
7492
5569
6322
6702
9018
6513
9307
5545
9567
6970
7449
7747
6468
6789
7398
5016
5370
8209
4497
4871
6927
4064
4231
5681
5340
7116
8204
8242
3944
4423
7935
3291
3840
5697
5967
6827
4416
4427
7843
3294
3307
3849
4748
3458
3722
8300
3722
9126
3312
4857
7217
7573
7374
7375
3971
6749
7391
4753
9581
4363
4488
6390
3972
3304
3590
5215
5488
9372
4139
6801
8667
5388
6583
7028
7104
4747
5721
9417
4391
7161
3314
7573
8105
3646
6306
9582
5696
8335
4308
5001
6343
9624
7208
4516
6029
5833
3606
6147
8864
4464
8243
4291
6049
6141
6866
7770
8208
4349
6858
5013
7135
7140
8051
8350
5510
6672
7353
3671
8725
6672
6829
5083
6172
6309
5899
8398
9145
3331
3341
5671
8228
3396
4293
6028
7659
7978
3453
6079
5290
5659
5946
6047
7071
8369
5644
8623
8666
3348
4973
4996
7823
5543
6719
3378
5524
4568
4401
5471
4929
6827
6877
6877
7052
4125
7485
3625
9545
3984
5058
5066
3391
8245
9469
3377
5524
3711
7507
3448
8355
4848
4542
4624
3443
4774
8357
3643
9166
5929
7071
5539
9456
6696
6864
4492
3550
3994
9321
3365
7495
8806
3648
7818
8685
3665
4063
5619
9289
5719
8327
8332
5329
6871
3462
5144
3426
3617
6513
5471
7771
4449
7913
5152
8204
8919
6098
5855
4973
9061
9061
9532
4843
8354
7049
8880
8904
4013
5047
5163
6740
4639
5228
8841
4367
5553
8226
8663
5452
6945
4035
4639
4665
3905
6980
7235
4709
5909
3392
3405
5699
8635
5432
5854
6964
5598
6170
7484
6813
3403
3436
3607
6214
7056
3404
5327
6968
4899
6018
9159
5163
3565
9623
7692
8372
8949
3418
6050
8448
6852
8758
9380
5333
6756
8116
5318
5334
6968
9319
9371
4949
7851
8597
3418
7178
4429
8669
7998
8259
3961
6155
9068
5426
5505
7113
8314
9265
5915
9051
9103
6584
6914
3458
6256
7656
3689
5602
6083
3660
3988
8410
3459
3687
5810
8597
5870
6377
7576
5841
9136
5397
5541
4134
4811
6159
6186
4720
3733
5146
3811
5880
8757
4422
5227
5653
6785
4774
5968
5144
5772
5917
6856
7493
3516
4882
9211
7236
4774
5534
7010
8457
3452
5227
8353
3579
4702
4752
9112
6612
8499
4828
7099
7018
9370
4422
6278
5488
8269
6105
7029
7454
5692
6565
8312
3561
3670
7084
3718
8304
9151
8543
5952
3956
5930
6208
6381
6460
8017
5539
5839
3465
8403
7058
7931
4432
6318
6381
8038
7735
8578
9087
6696
8477
5336
7337
8484
3547
4409
6096
5926
9312
5965
8290
3751
5928
5897
6568
5754
8392
3479
5512
5883
7995
6087
8894
5417
7010
7931
7770
3531
8141
8559
5267
8032
6060
8863
3728
4524
4760
6525
3583
4170
5670
8825
3800
8185
9307
6113
7486
8438
9071
4153
4691
5775
5530
6628
9217
3555
7264
8264
7264
3511
5024
9546
5850
8382
9380
3960
8868
8407
8657
5180
6292
7220
4225
9148
5613
3691
7317
3509
6345
4548
4858
6883
7282
7283
7777
5850
8360
6113
7486
3515
6111
4773
5321
3626
6860
4070
5582
5928
9177
5494
5985
7683
3697
5408
5791
4763
7853
8342
3647
4860
6656
9380
4933
5571
8714
6180
8094
4931
5479
9032
3533
6853
8094
7507
8586
5918
7098
7590
3976
7607
7608
4446
5925
4575
4730
6089
9357
7454
5357
6650
7114
5753
5725
5738
7317
4575
7960
8063
4097
5675
6359
6258
6605
7051
8348
9150
6132
7317
3544
7216
8644
3758
4872
8732
5326
5338
8502
4852
4855
6659
3552
3594
7722
8323
8874
3744
7426
4537
5978
6096
7964
3779
5480
8513
4721
7441
8028
8860
9098
4436
4876
3695
6375
7092
5417
5505
7677
3661
5542
7913
8657
5939
6375
7447
6993
7010
5943
8745
6728
8746
9487
6542
7113
9316
4863
5859
5871
6678
7306
7308
6183
8382
8563
8758
3724
4351
4414
5374
5508
8402
8735
8070
3585
6300
7089
7977
8355
8708
8842
3808
3816
3582
3616
4085
8698
9281
3646
3683
9587
5936
6149
3585
3595
4979
8842
9389
6285
8802
3600
5815
4830
8085
8418
8359
8731
3593
8359
5983
4466
4851
5532
7770
8250
8731
3713
4201
4356
6952
4370
4943
8372
5785
7025
7026
5689
7441
4792
9152
5454
6359
3833
5906
8150
4855
5354
5566
9216
5719
6603
8332
5500
5779
6657
8741
8056
4858
6162
7283
8303
3991
3999
6919
8293
3930
8008
8609
6088
9478
5507
6420
3764
8869
9217
5604
6080
6092
4730
8319
3890
6073
7544
3692
5817
9158
9162
6005
6359
5381
7073
7574
5422
5949
5787
5958
8535
5384
3703
7199
9432
5859
6084
3730
7094
8298
3633
4763
8373
7479
9433
4386
5492
6508
7297
3655
7238
6551
7530
9520
4386
4856
5528
6508
6059
6069
4079
9245
3644
5621
7306
8539
9163
4731
4823
8470
3651
6680
7314
5423
7510
8732
9146
4771
7148
3650
3683
9146
5618
4369
8492
7146
8488
4445
5646
9540
3677
4420
6679
5972
8639
3667
9421
3890
6061
3899
5861
8375
5876
3899
5884
6073
3670
7801
7941
5358
7801
8520
5358
7798
8336
8513
7636
8695
8805
5618
8685
7654
9546
8878
9609
6043
4769
5796
8734
5358
4761
5955
4967
5509
3765
5714
6449
6451
5411
7637
3842
4944
5851
6216
6632
4369
6272
7132
7777
4614
8791
3786
5427
7037
3885
5030
5764
6009
7004
3686
8828
3686
5103
7722
5584
8548
4581
5095
7019
7075
6142
4641
3702
4047
3744
4705
5403
5409
4742
5935
8351
9434
5012
6304
7945
8108
7416
7327
9248
5938
7494
7662
7044
8471
9568
4113
6372
9060
4115
5640
7517
6114
4887
6223
4252
4256
6366
5937
7460
8707
3716
5388
5952
6122
7749
7841
6576
5788
7111
6329
7521
8606
9168
3804
8697
6236
7063
7148
3989
7876
3840
7141
7148
3725
8375
3726
6097
5901
4410
6522
9002
3729
4511
4760
5922
7668
5095
8991
4719
7652
3756
5500
6657
7026
8424
8568
4031
7192
5032
6888
5568
3747
4078
4892
6414
8564
6185
5866
8525
8895
8895
4722
7256
9157
4482
7239
4443
4099
6163
3917
4198
4231
5711
6569
7053
3756
3777
8512
8102
5809
7216
8006
9507
6014
7017
7209
8315
7187
9239
9507
4012
8827
9260
7216
8579
7329
8019
3767
4834
6553
4829
9434
4070
5831
6669
3948
7120
7259
4628
7072
4630
7636
7825
9428
5949
6860
5976
7350
4023
4495
5267
5412
7637
4266
6465
6790
3804
5871
3785
4674
9000
4654
5243
6342
8598
4205
8834
8947
4991
6452
9495
7511
7726
5156
8954
8986
4551
4679
6989
7642
8124
9460
4846
5240
3835
4342
5748
6732
4825
5222
6674
3794
8171
8820
9384
8173
8435
8847
4459
5678
9443
4961
5461
7405
5206
5725
6301
8318
6955
9006
7528
9188
6009
8390
3826
8992
8304
4734
8071
8288
5476
6602
6744
8176
8611
5047
6126
6299
6910
4733
4154
8411
3821
3909
6740
3980
5421
6437
7335
7375
4702
3819
5759
6768
5663
6221
8389
3820
6770
5686
6742
8288
5343
6471
6998
4249
4809
7883
4841
6467
8876
4207
6240
4279
6817
8549
9268
3829
6949
9030
4183
9558
4965
8813
7984
3837
3843
6408
8254
7003
9561
5661
8064
4678
4291
6870
3873
4217
8587
8588
5657
7606
4784
8027
8864
4347
5107
6754
7418
5280
6801
8302
8395
5128
6541
7400
6084
7073
5335
6573
6823
7949
5837
5321
8601
8370
3876
6758
7237
8512
3876
4217
7750
4773
7229
7672
8601
4855
5354
4984
6527
9250
4615
5996
7579
9479
3861
6748
7569
7707
9408
3889
5188
6276
9336
4911
6712
4022
5200
5203
5242
6671
6693
4064
4072
5034
3871
8008
9526
6510
8120
6074
6846
7261
3934
7766
4878
7527
9086
3876
5128
9149
4217
4963
6903
6272
6673
8101
4397
6011
6015
9292
7315
7328
5216
7713
7947
8749
7013
8628
3991
6729
8786
9175
6596
6867
9282
3909
5349
7377
7378
4819
9108
3895
4118
4122
3897
3900
6821
8853
5211
6447
7202
3973
5569
6702
8952
3981
7151
6234
7724
8872
6276
7083
8249
8859
3981
4044
6073
7151
7710
7805
9591
3973
5212
5767
7247
8532
8555
3908
5364
8555
8691
8018
6444
5275
8979
8553
8689
3949
5322
5345
4939
6761
8170
7591
8906
9619
6749
4586
9215
6741
6761
6887
4112
4910
3929
3970
6838
8464
7896
8471
9172
3931
7230
4998
8927
7874
7876
6928
7296
9141
5033
3931
6324
3950
3951
6448
6618
5951
7364
9486
3946
8899
4557
6954
6414
5202
4506
4370
8949
6435
7066
6487
7696
9255
9578
4765
7871
3940
5017
6378
4088
5603
4088
7376
6217
8328
9420
6935
6698
7756
8711
6664
7537
7848
9423
5188
8655
7016
9228
4306
7262
6471
9523
8961
9499
7397
9458
4484
7932
6448
6619
9122
4055
6346
7807
5957
4620
6959
7792
7852
8508
9494
3960
7209
8584
5663
7004
8400
3980
3990
4528
6620
4339
5306
7155
7789
3966
6924
8486
4679
4947
8139
3980
5421
4911
8276
4474
7633
5272
5259
4259
6239
6250
9000
4108
4116
6837
8661
5271
5723
6648
5606
6611
4038
8343
6073
8913
9514
9439
6707
8469
4929
6745
9446
3995
7425
4459
5297
7428
7543
8459
4610
7144
9014
6678
8619
9175
9218
9422
4036
7374
8001
5810
6047
7104
8050
8786
9175
9286
4439
4529
7022
8872
4359
5347
8792
4912
4930
6818
7606
5857
6065
8526
4558
8862
9031
4943
5633
9276
7592
4019
4032
9476
4566
7383
8231
8179
8183
5004
5734
7908
9535
9212
4245
6634
8127
7342
7468
6977
4019
7560
8948
5109
6661
6908
4034
5315
7497
6967
8291
8562
5311
6137
4768
6502
5465
4796
6939
6946
8953
6325
6326
6689
7653
4651
6421
7784
8856
4367
4635
5228
7505
8007
7980
9347
4202
6891
4054
5237
6354
7577
5167
7519
8133
4352
6946
8429
6472
8604
9260
4583
4828
4298
4514
9395
5981
7021
4563
8463
6265
8578
4444
8760
8991
6329
8311
8897
6941
7489
7572
4055
4621
6515
7587
4327
6049
6519
6931
4811
5447
7313
6915
9332
9424
7091
5915
8197
8503
8633
8685
4198
4267
5266
7248
5361
7742
9230
9275
4069
7001
7506
4800
6810
8654
9055
4538
5599
6473
6489
8472
5020
6812
8691
6564
9275
6022
4458
4105
4703
8254
4587
4611
5518
8131
6165
9235
8704
8208
9085
4239
4302
4331
7055
6378
4182
7031
5900
5907
6323
7863
8146
7305
4094
4256
5412
4102
7298
8912
5685
5812
6221
8710
4101
5195
7665
7468
5250
5335
4650
6994
8331
4252
5137
4181
4184
7566
5411
5412
7298
4139
6478
4113
4272
4941
5072
5155
4111
8558
4438
5293
7048
4586
9202
5352
5256
6884
7407
9028
6530
9432
4130
7179
4121
4825
7402
4125
5407
6451
4148
4573
6284
7160
4122
4817
4156
8130
8890
4129
4562
5247
6213
5974
4573
6477
6490
7554
8739
6490
6709
7336
4789
8882
5688
8132
9242
4443
6854
9239
5269
5560
8507
6464
8124
9183
4257
4847
6086
4637
6364
5331
9598
4818
6587
5022
6700
7648
8016
5526
9214
9368
5556
6196
6739
7400
6302
8619
4227
6312
6344
9101
5513
5893
5309
6271
6923
7273
8806
9361
9410
4563
4845
4861
6428
7603
9140
8246
4233
8901
5513
6649
6688
4508
5772
6990
6744
6908
6410
7391
8739
8779
9437
6596
6867
8837
4169
6193
6597
8429
5105
9480
4220
4862
4974
5654
8883
8796
5227
6820
4171
5316
8416
6787
7702
8159
6541
4177
5410
5075
9186
9476
6271
6379
6939
4442
5382
4685
5185
6137
8160
4823
8642
4188
4561
5297
7432
4566
7854
4623
7563
8128
4417
6769
6786
9063
5116
7736
4847
5615
6475
7995
5504
6672
4839
8080
5287
5759
6833
7184
5284
8058
7701
6210
6456
9477
4304
5735
6704
6888
5101
7323
4205
5763
8842
8275
5115
7429
4214
8756
9382
4969
8167
6846
7250
4218
7251
8877
9054
9290
4602
4619
4398
5132
5305
8292
9149
4302
9252
9258
4764
6932
5291
6960
7558
9287
8585
5590
6842
9184
6141
6946
7586
4475
5597
5538
6294
8887
7925
4475
8097
9620
4945
9603
9633
6584
6483
8890
4253
7820
8593
5689
5845
5847
4238
5043
4485
4497
6717
7163
4686
6460
8887
4418
6985
4307
4320
8563
5848
6057
7559
5038
8767
8852
5709
6190
8264
8335
7102
6547
8797
9154
8086
9000
7093
5894
7445
8087
6473
6742
8288
4987
5239
8885
9117
8274
8852
6407
5681
8071
9336
4263
6259
8075
7261
8263
8903
9512
6849
5124
5253
6570
5175
9033
7369
9409
4273
5037
5695
4678
5703
8896
5192
6456
5234
5008
8922
4273
4283
6244
7080
4968
8567
9028
4951
8877
8127
6074
6846
4475
6772
8786
5721
6526
7079
5184
7815
8673
4389
5130
8768
4962
6807
9443
4410
9462
4396
6937
8230
8830
4460
4471
4473
6750
6304
8206
8648
4723
6436
4768
4296
4755
6315
8987
8995
4606
9110
6848
7960
8970
8141
6380
7086
8648
4838
7839
5054
8979
9351
8418
9003
7231
8174
5865
6989
6670
4711
9262
5201
5277
9443
7740
5225
8920
5720
4993
6723
7100
5046
5457
8753
8085
9587
7737
8938
9543
4521
5021
5201
8531
9330
4902
5443
6226
9337
4791
4805
8634
5018
5465
4770
5444
4902
4906
5252
4684
7972
8497
7323
5834
6067
7009
8338
4918
5154
4896
7012
7167
5889
7256
5081
6128
6870
4829
9163
9297
5104
6297
4918
5635
8040
6777
7837
5105
9564
5600
6282
6290
8317
9046
4976
6886
6193
6962
8896
5743
6772
6835
9286
6014
7214
7330
8194
8509
9333
4979
8841
6075
8609
6136
6313
5337
8509
5637
5387
6174
7011
8338
5084
5228
6900
6958
7149
5251
5497
6294
5881
8982
9612
5435
7381
6152
6737
4604
5264
7306
4490
6347
4518
4627
7868
9517
8969
7464
8172
9472
4380
4381
6682
6244
4382
7736
4382
5495
4403
4490
8101
7301
9229
4856
9229
4644
4650
7880
5261
7926
8965
6517
5372
7207
5138
7966
7534
4397
4602
6271
6704
7273
8783
5065
5120
7243
5990
6361
7208
7217
5389
8294
6512
8299
8307
5583
6344
7161
5296
5780
7389
6599
8123
8148
7585
9568
7110
7902
4410
8072
8833
5525
5781
8785
5673
5277
6505
5617
8455
7307
4550
7122
9121
5029
6518
5536
6312
4738
5018
7962
4431
8492
4800
8476
4815
9484
4427
4431
6765
7923
5756
6489
7352
8221
7768
5285
5462
6215
6927
8017
5289
8940
8947
5492
6201
9231
9309
6278
6296
8136
8694
8327
4722
6131
7050
4525
9093
5627
7614
4522
6540
7313
8630
5674
8454
5437
5644
6938
7694
6942
7049
6577
9150
5913
6350
8147
5273
8110
4654
5484
8600
8602
5328
5332
6228
7664
9114
7626
4572
6698
7806
7809
8839
4461
4725
6092
7632
8479
8065
8923
6614
7626
8216
4946
6127
7948
9285
8475
7846
8439
9196
6191
7673
9600
5230
5592
8171
7855
9497
4801
6436
4473
6528
7391
8170
6257
7136
7171
7396
7789
9004
6978
7125
7754
4484
5299
7397
9461
4489
4605
5067
7860
8772
7136
6738
6927
4999
7114
8334
9498
7147
7940
4699
6738
7161
5985
7493
5278
8985
6898
9360
9363
6378
9128
5668
6229
5000
5044
7333
8509
8672
5584
5947
8548
4828
8849
9610
4502
5225
6431
7657
4990
5751
8947
5284
5442
4512
5416
5268
5393
5252
6223
6226
8235
4530
4853
5813
4664
9451
6554
5213
5359
7778
8624
7608
7613
7516
8351
8450
9401
9262
8257
6650
8935
4529
7864
4527
4532
5980
4537
4859
9139
6236
7669
9002
5036
9153
4537
7914
9392
4801
5021
6112
5694
8647
9012
6619
9056
7980
6847
8672
5292
9377
9601
6675
7040
7041
7835
6710
6720
7835
4626
7689
6595
5266
5312
5707
7842
5240
4553
5096
5335
8695
4554
9349
6582
8695
4663
5036
9148
6395
5088
4567
4571
5239
4565
4567
7409
8511
6270
7223
4565
4577
8029
7409
8029
8038
4571
8055
6558
6926
5548
5309
7162
8426
4677
6270
7432
4577
8848
9464
4775
6251
8194
6267
7386
7545
9342
9576
6238
9206
8049
5903
7451
9610
5248
7518
8713
5988
8612
7890
9206
5951
7200
5399
7175
7596
4616
6181
7487
4591
5587
5891
4593
4596
8203
5275
4600
9394
6202
7839
9288
4700
9415
4599
5587
4625
4631
5214
6323
9598
4600
9197
5617
8430
8034
6015
6752
4789
6694
7416
7679
7889
4608
9502
9544
4636
5288
8181
9512
5097
9392
9395
4816
5181
4633
6269
6284
6483
4626
6365
6369
6498
7437
9595
6811
9479
6753
6755
4622
6515
6953
7792
8928
9287
4762
7215
4653
7062
4737
4631
9515
6996
8977
4631
5213
7779
9515
6453
6488
6662
8344
6811
8803
4703
6478
9235
6683
6958
8202
4646
7513
5019
5396
6373
7142
7937
7680
6881
7943
9130
4865
8333
7408
8036
4651
4728
4822
4652
4657
6563
4649
6428
7080
9414
7596
5425
6244
8501
7665
8036
4658
7514
6654
7498
6829
5205
9451
7060
8449
7060
7541
4661
5385
9451
5284
7721
5362
4667
7007
5163
6966
9406
7991
5150
7555
5028
6834
7501
4674
6412
8986
5439
7734
6634
7986
5166
5309
8426
9277
6701
6706
8275
5166
5575
7134
7661
5164
6684
6296
6926
7715
6376
6528
6348
4695
4708
8844
7731
8389
5241
4961
5766
7794
5531
6915
8391
7753
6666
9573
5026
9494
9496
5477
6075
5525
6696
7111
6705
4787
6903
6125
9100
8929
7219
9527
4714
7747
4725
5477
4743
7605
9622
7816
8945
9315
5024
6094
6111
4727
5052
6057
7654
8264
5822
6942
9474
5585
8860
4763
7853
4806
5477
4750
4936
7873
8427
5074
9162
8374
8525
8911
4787
6424
4797
9484
9541
7935
6582
8791
4787
6474
4771
4860
6339
7173
6362
8012
7126
9278
6498
7611
9339
8100
5408
7242
7472
8229
8347
6166
4845
6839
9589
7392
9032
4786
4997
7990
4915
5555
8035
4930
7530
4960
6523
6925
9002
5945
9399
5877
5885
7479
5471
7971
7936
9597
4995
5874
8374
7480
9281
8228
4770
9297
6151
6013
5428
6124
6935
6362
7572
5984
6456
6477
4777
4783
4779
4916
5562
6040
8546
7153
7334
4784
4786
9223
4808
4814
6664
5247
8412
8719
4963
6977
8836
9613
6112
4798
5117
7783
7057
5574
5448
9399
5804
5819
8613
4835
8077
6690
9602
5082
7937
4862
5254
8518
5888
7215
6188
8630
6269
6508
6752
9637
5392
7740
7874
7740
7035
4861
9182
4846
5157
5846
7697
9273
7909
9477
4849
7764
7230
5792
8352
4899
5953
5300
7078
5386
5418
9134
7675
8266
8339
6655
9163
8759
4857
5992
7206
8010
6984
7099
8849
6127
8821
9398
5650
9398
7268
7995
5580
4854
6330
8955
9042
4850
7743
7759
6674
7760
7761
6864
5521
5532
5364
5521
9333
6608
8901
6100
4865
6144
6860
6004
6050
6428
8326
5190
7821
5428
8385
5149
5440
6679
6788
6072
7477
8857
7537
9423
5048
8508
9550
4876
8015
8694
6429
5925
8436
8606
8612
8129
9631
6938
7672
8601
6642
5518
9630
6535
5995
6755
8026
4887
8918
9414
8711
9502
9542
9544
5376
5890
6310
7666
7671
8399
4895
7923
8167
7716
7899
4897
9181
7147
7149
8399
8462
9064
5062
8639
9166
5549
4908
4923
5218
6557
9596
6564
7678
7688
6225
7729
9005
9462
6226
5180
7302
8308
5249
5174
6129
6933
8228
8125
9385
9373
5059
6166
6306
5708
7623
7961
9339
4997
8207
8726
5015
8489
4926
4936
6555
7346
8536
8815
8614
8971
4930
4932
6818
5118
8714
6476
9047
6024
7625
9588
5059
7052
8815
5497
8676
5572
8831
9267
6489
6806
7393
8069
7407
9058
7263
8114
5577
8693
9425
5586
5994
6262
6779
7167
6334
7984
8826
8625
9026
6265
7185
8103
6259
9413
5590
6243
6286
6119
7958
6857
9239
7643
8092
5191
7840
5162
7395
6481
9238
7809
5678
6108
4970
5044
6458
9493
7704
5046
5634
5440
7414
6921
8045
8486
5002
7800
9496
8319
9614
6691
7287
8884
5861
8566
8378
9610
9031
9635
6739
6958
8843
7317
7320
5099
6527
5089
7089
9389
9364
4984
7019
9246
9259
5099
9519
7087
9145
7410
8305
9059
7410
8047
8549
8834
5660
7885
7658
9151
6611
7246
6480
8748
5852
8679
6872
7531
6650
9325
5002
5198
6462
9624
6895
8604
5032
8209
8281
5075
9482
7809
9245
7405
9219
8973
9498
7887
8615
6880
7535
8799
5365
8294
9208
9597
9221
5277
6865
5176
5887
7542
8573
6224
5207
8479
9256
6644
6768
8127
8793
8880
5134
7568
6472
6888
8870
7251
5043
6934
9338
7867
7881
8884
9189
5330
8931
6279
7133
5706
6474
9329
5559
6966
6181
5135
9123
9135
5051
6494
6910
6966
6353
6491
6692
9602
5371
7942
8769
5275
7442
6815
6821
8215
8854
5520
6606
5059
5562
8815
6736
9066
9628
9635
6277
6771
5824
8450
8047
5084
6780
8287
9534
7641
9245
9247
6689
9063
5698
8133
8580
7641
7947
9247
7181
6285
8048
7121
8642
9166
5078
5260
6936
7204
7204
5735
9026
7008
9478
6090
8814
9527
5645
6379
5086
6705
7077
6765
9246
9519
5092
8867
5092
6783
6435
6574
9534
8131
7089
6127
7162
7947
7977
5241
6823
5595
6785
7933
8807
9154
7325
8811
7059
6735
9334
7023
7059
7075
6520
9244
9186
8993
5550
6751
7061
5113
7360
5120
6219
5115
5145
8240
9334
6491
8811
5182
7031
7854
7733
7783
7039
9457
9119
9345
5125
8153
9110
5951
7345
9105
6566
6648
6566
5980
6167
8480
7376
6812
8587
5242
5676
8927
6758
8271
7991
9041
9552
5370
6472
6204
7899
9143
5139
5146
8559
7281
6743
6944
6764
8176
9020
8082
8806
9040
6491
6571
8859
9078
9356
5687
8976
8762
9363
6028
6779
6969
6991
7170
5734
8840
8943
5170
8930
8912
5693
9222
6795
6831
9440
7499
8656
9187
8925
6826
7174
6620
7278
8220
8536
5731
5179
5187
8065
8937
7870
7936
8776
9529
5200
6967
8576
5279
7907
9575
7140
7921
7840
8182
5203
6192
8271
6118
9022
5200
8271
6593
7699
9538
6238
8501
8182
5194
9374
5200
6374
7552
6995
7880
6662
8341
6974
6807
8182
6455
8614
6201
8166
7007
6315
6976
6916
8969
6572
9036
6471
6916
8479
7635
8854
5257
5214
5229
5959
7224
9196
7873
8704
8705
6593
8920
5366
8061
8063
8970
6507
8987
9384
6310
5930
8727
5231
5592
8253
5234
6836
5266
5253
5260
6939
5686
8474
6874
5244
6128
6379
7232
7355
8134
8943
8088
5356
8083
9441
8826
9605
8200
9220
7233
8876
6695
7063
7857
5765
6254
9349
5519
7524
5270
8885
5363
8784
6372
8205
6400
7035
8834
8952
7046
5519
6294
6725
8518
6549
9350
7679
5363
9226
5314
9205
5778
8789
5539
8804
5280
5282
8113
5776
6905
6444
7090
7723
5625
7065
7290
5554
5625
6233
7768
5287
8667
5287
6220
8940
5307
7378
9420
5946
6489
6806
8903
9542
6299
7563
6054
9338
9570
6622
7081
7084
6032
6769
9324
9570
7659
9594
6918
6426
9040
7560
9468
7927
8818
9556
6317
8985
9220
9296
6028
6119
7987
6597
6610
7180
6770
7908
7911
8491
8187
6704
8825
6516
6219
7244
9400
7771
7505
6293
6541
6823
7154
9428
6559
6920
5349
7377
5399
7412
7453
9207
7567
5328
7632
6116
6559
6920
7384
7539
7825
9421
6326
7897
5464
5328
5334
5349
6529
7616
9627
6323
7727
5334
6920
7384
7016
8911
7538
5470
7969
6772
9333
6218
8500
5697
6418
8300
9090
5474
5787
6624
5638
5642
6544
8314
9265
7144
9467
5908
8538
6168
6781
7117
5350
6542
9313
6544
8514
7721
5596
8789
6819
6233
7122
5626
9325
7081
6640
7638
5862
7013
8420
7024
9251
6215
7721
6081
6580
5370
8280
7501
7764
8021
5781
5784
7749
6105
9528
8647
6608
8767
9350
6282
8317
8410
6343
7855
9129
5891
6289
6091
7631
8499
8874
9111
7653
6367
6954
6572
7638
9299
9381
5993
6067
6076
8504
7680
9489
5391
5394
8495
5406
8636
7871
6614
7091
8516
8004
9094
6102
5684
7993
6404
7466
9536
9611
6586
8637
9299
5834
6062
6623
5408
5640
8516
7946
9294
5989
7888
8005
9025
5777
5962
9516
5718
9554
8494
7296
7736
9141
7276
5715
7194
6442
6647
8126
5833
8381
7087
9372
5534
5476
9388
7557
5423
5797
8644
9070
5975
7194
8610
7536
9414
5534
5984
5837
6652
8662
8925
5511
9394
5434
5836
6627
7132
5438
9082
7714
8267
6681
7128
8670
7478
8772
8440
8623
9114
7132
8938
9290
5446
5864
6111
8631
6421
7663
6438
6214
8251
9159
5450
6007
6102
5709
5710
6007
7446
8232
5451
5704
8164
6102
8195
5453
7957
5458
5472
5815
5468
9471
9540
5458
5459
9614
5468
5464
6098
6380
8173
8839
7294
8699
7985
9563
8682
9586
7833
9396
5611
5472
6813
5478
5671
9471
6514
7207
6825
6621
8407
7414
7832
7332
7970
6479
9587
5566
6819
6639
7888
8881
6830
9214
7498
7501
8600
6855
7192
7197
7648
7272
8320
8324
8682
8320
6171
7295
8043
8835
5919
7738
8346
8354
5799
6930
5509
6287
8412
9198
5506
6470
6924
8190
6658
7627
8021
6838
7110
6277
5941
5944
7263
9352
5615
5898
8078
7250
6992
6747
6132
6297
7483
7484
8124
9437
7678
8386
5563
8930
9440
5954
5784
6637
6904
7933
6169
8618
5978
6122
8482
7216
8521
6026
9424
7683
6027
6186
8430
9197
9450
6985
8048
7192
7197
5894
6212
6460
5696
8164
8195
9279
6368
7804
5546
6992
7000
5600
5549
6687
5701
6117
7996
8810
9335
6999
9328
5559
6248
7003
5820
8746
5599
6317
8989
8809
8285
9114
5591
7866
5577
8789
5755
5987
7788
6120
7979
6167
8480
5650
6257
9323
9456
6211
7342
7523
5573
5924
7620
9090
6970
7255
6889
7285
5580
8476
8840
9211
5596
7390
7630
9179
7362
7720
7956
9177
5582
5585
5864
5589
6023
7034
8570
5589
8192
9299
9416
8006
8129
9631
6676
6857
9263
7799
8839
7360
8001
9270
9521
5653
6904
8694
9240
8445
5625
5606
6480
6880
9128
7269
6721
7118
7415
9046
9213
5612
6145
8459
5730
8237
6793
7818
8685
6524
8455
5998
6137
6646
8160
8744
8421
8744
9035
9270
6643
9441
6656
7451
9584
5851
8616
7352
5858
5872
5638
7312
5632
9106
6078
8703
8487
5727
8210
6803
7182
6012
7141
6817
6303
7437
7745
8903
9106
6299
6740
6491
9282
9308
6056
6799
7172
8106
9021
7172
8047
8098
8342
7758
8082
8845
6820
8119
9328
5937
8616
6408
6265
8580
6713
7020
9337
7686
7800
6016
7461
5892
7069
8265
8733
5789
8362
7745
9106
7529
8118
8454
6878
7769
5753
5967
8864
8160
9006
7590
8505
8833
9452
5677
6565
7471
5811
5690
5692
8214
5746
8392
8621
7124
7875
9121
8542
6163
7466
8042
6114
8788
5906
9068
5759
6425
6386
8713
8196
8253
9243
6090
7862
5932
7092
7093
9010
6767
6066
5704
5757
8030
7533
7473
7473
9520
5727
8924
5740
5752
5967
6500
7965
6189
8335
8183
6389
9267
9121
6892
7625
5814
7045
8393
8743
7194
8019
5956
5966
5839
5976
7120
5966
8740
8540
9276
6061
7544
8623
8113
6614
6776
6145
6187
5826
5742
8317
8461
6484
7398
9315
8831
6965
7290
7428
7667
5773
5814
5760
6311
7239
8298
5746
5749
5757
6083
6157
8459
8921
7270
7786
7994
9336
5758
8184
8605
6908
8176
8547
8529
8621
7097
6707
6350
8069
8515
5758
8866
5965
7329
9074
5773
7304
8551
5953
8462
6712
6267
8641
9557
8549
6745
6777
6239
8880
7459
7994
6324
7363
8002
8824
8396
9061
6485
5790
6753
9080
5835
7558
6174
7967
8495
7030
6696
7024
7753
7624
8510
6031
6600
8499
8510
6138
8535
7222
5795
7491
8696
6134
8348
8686
9120
8642
9297
5804
5844
6449
5886
8447
8706
7738
9590
5832
5985
5975
6020
7687
7013
9478
7341
8686
9088
8653
7024
6070
8161
7670
8403
5825
5827
7463
6605
7064
8467
9065
5817
6418
6569
7620
7139
6072
8732
5821
8751
5873
5844
8161
5999
9157
6140
8639
9469
6133
6103
6441
5830
7055
6043
8670
6659
7683
6123
6391
8514
7128
8052
8188
9293
5842
5842
7106
9170
9277
9293
8313
6079
8345
9074
5848
7067
6055
6051
7014
7213
8490
8681
5860
7447
6964
7132
7906
8358
8445
7652
9120
9503
6375
5884
8278
6894
7311
8101
5872
7463
5958
6360
8541
8861
9120
6562
7032
7801
7941
7252
8692
8024
9632
7834
9158
5878
5883
8078
6005
7263
8217
6405
7656
8981
5961
7532
5903
9371
6053
6982
8311
8262
6030
6039
6077
9193
6018
7004
6475
6264
6524
6287
6275
8046
8392
8083
8894
6195
7599
8316
5909
7824
9100
7599
8755
6275
8279
6771
8402
6047
7028
9104
8500
8168
8388
7253
7365
9321
5916
8816
6205
7267
7701
6305
8515
8523
6449
6451
7485
7457
7467
7445
5933
7196
6589
7028
9104
5982
6930
7178
8528
5934
6377
7941
8638
9593
5941
5945
5955
9376
7338
7670
7672
7549
9611
6567
7321
8312
6697
7463
6014
6113
8312
9095
9574
6363
7011
8338
6530
8579
8596
5940
8452
8660
6551
7494
9520
7473
7530
7831
8226
5945
8221
6590
7082
7676
8764
8436
6697
8727
7104
6929
7337
7823
5979
7425
8570
8494
8545
8552
8624
8627
6059
7475
5969
8005
5970
6019
7457
7467
8529
6123
8381
5989
7211
6038
6085
6548
7196
9433
6548
5991
7259
6104
6546
7739
8610
6100
6659
9216
8003
7236
9174
6859
7915
8584
7163
8901
7206
6645
7160
6000
7186
6006
6003
6538
7053
8401
8708
6688
6111
6159
7788
8530
6465
9475
7694
7173
7500
6269
6463
6203
6579
7267
7274
6038
6579
7260
7258
7316
8282
9092
6296
7594
6027
7813
9279
9618
6206
7257
7594
8504
6251
6951
7318
8723
6121
6222
7332
6197
6222
7981
6158
6169
9570
8367
6592
6154
6064
7388
6551
7195
8754
6205
6809
7066
7260
6052
6293
6486
6866
6052
8594
6055
6054
6280
7277
6279
7172
6139
7950
8663
6076
8879
8666
8514
7540
8748
8863
6247
6069
8640
6623
6440
8751
9212
6247
6653
9516
6088
9397
7578
8009
7269
7247
7291
6977
8035
6187
6172
7746
8263
9042
8107
8960
7829
8665
9528
7312
8363
8382
7341
8507
9473
7454
6199
7307
8502
8481
8330
8336
8522
6973
8478
6853
7129
7130
8642
6553
6655
8808
7257
6991
7624
7330
7054
7430
8926
7191
8997
6120
7978
8041
8481
6856
9107
9287
8169
8219
8523
7048
6751
6149
6176
8037
6222
6692
9322
7559
7494
8450
9623
6870
6156
7411
8675
9636
7411
7275
8027
8741
9233
6792
7411
6164
8291
7241
9164
6260
6683
6207
7594
7069
7830
7872
7441
6781
9579
8507
6248
7955
8056
7338
6316
6478
8661
8933
6253
9251
6679
6788
9333
6288
8043
7304
6179
6182
8074
8510
9516
6377
7640
8659
6288
6179
6182
6559
6552
8074
8289
9298
7450
9584
9550
7430
6840
8009
8721
8322
8195
9354
8177
6498
9550
6758
7249
8588
6840
7605
7781
6398
6405
8843
9284
6258
7830
8712
8467
8755
6971
9405
9626
6617
7585
9364
7275
6212
8891
7488
9611
8891
7349
6264
6396
8729
6629
8593
7598
7249
6425
7608
9326
7069
6493
9543
9418
6417
6393
7744
9302
7428
7632
7667
6307
8081
8845
6971
7741
6371
6443
8798
9419
7929
8102
6237
7666
7669
8493
6849
9490
6251
6483
9324
6424
8130
6341
6694
9042
7584
9612
6849
7387
8958
9318
6492
7470
7021
7025
9216
8276
6649
6676
8890
8097
8098
6795
8067
6769
9314
9535
6752
7642
8104
6336
7960
9373
6268
7169
8063
7430
8187
9283
7760
8998
6684
6949
8286
9271
7188
8402
6318
6320
6812
6320
6519
7649
7710
6541
7400
9331
6463
6894
9184
6316
8068
8618
7280
8926
6396
9092
9116
6968
7990
8143
7523
6974
6311
6976
9582
6494
8787
8202
8850
8147
9439
7765
7756
6331
7422
8200
9342
6667
9063
8587
6911
8883
8905
8914
6816
6384
8432
6331
8048
8413
8447
9084
8451
6344
9194
9363
6339
7277
8311
8974
8983
7802
7233
9038
6537
9057
6674
7760
7234
8960
7401
7402
6651
8148
8046
6349
6775
6717
6738
7310
6796
8999
6494
6900
8843
9284
7523
6727
9391
6797
6970
9463
9565
8713
8117
8659
9524
8087
7229
6368
7941
6563
8283
7537
7848
7265
7989
7009
6374
6445
8994
9552
6757
6734
8638
7650
9219
9001
6926
7409
7943
9056
9135
9364
8284
8325
9015
7706
8976
6511
7201
8414
6393
6791
6474
6889
7231
7005
7009
6394
6853
9397
9072
8891
7164
6972
7164
8316
6981
6831
8959
9440
7164
8168
8077
8749
8959
6409
7619
7453
9062
8615
8975
8246
8681
8542
8454
8279
9137
6893
7103
7894
6421
7076
6961
7617
9499
9604
8440
6710
7575
6742
6784
6485
6798
8110
6839
9184
7066
6606
8777
6607
8777
9017
8198
8427
9555
7157
8049
8868
7870
8126
9069
6685
7228
9608
7588
9041
6838
7610
8854
9604
9074
7837
9375
7444
7852
7638
9430
7674
8829
7531
6790
7433
8519
8996
9496
7157
8965
6662
9411
9418
7642
9292
6475
6716
6907
8115
8119
8120
8647
7186
8997
9019
9022
9477
6837
7953
6661
8050
6482
9184
9237
6531
7280
7664
8065
9205
9227
7825
8882
8235
8938
7355
8871
6540
9417
7319
7339
8991
6509
9505
6534
6692
8622
9602
9559
7667
8199
7201
7793
7803
7802
8567
6667
8413
6525
8154
8816
9466
8491
6768
6770
7911
6962
7702
8813
7977
6525
9462
8238
8812
8157
9285
6871
7615
9434
6539
6798
8824
6575
7597
8429
8830
6609
7343
6570
8886
8194
9404
6841
9059
9081
6904
8526
9265
9481
7005
7350
7615
7622
6552
6787
9030
6646
6906
6591
7367
6557
8151
8526
6850
8705
9319
6872
8927
9511
8009
8269
8722
7321
6570
8027
8030
9536
8037
9124
8153
7145
7541
8211
6597
6743
7119
9151
7359
7369
9408
7465
8691
7462
8423
8425
7689
6589
9381
6593
8326
7029
8068
8367
8450
9434
7113
6594
9027
7734
9370
8292
9299
7888
7915
8269
8722
7158
7139
8198
9017
7163
9182
9033
7458
7836
8258
7564
7748
8851
6773
9231
6619
7038
9498
9254
9346
9487
7354
7939
6885
6895
9013
8044
8250
8405
6861
7128
9291
6633
6743
9338
7582
8875
8491
6895
9232
7218
8466
7421
8967
6831
7177
7356
7006
8449
9430
8346
7421
9167
9169
7866
8201
7686
8561
9630
8263
6677
8083
8114
6862
7448
7753
9352
8152
9286
7015
8264
8533
6705
9537
7197
6875
7182
6686
7123
7933
6738
6927
6838
8968
7251
7751
7759
7764
7309
6734
8492
8250
8285
7112
7690
7191
7917
7893
9007
7984
7705
6905
7918
9345
7233
7518
6708
9455
7395
8907
8230
8281
8607
7550
7581
7902
7074
7088
9338
7700
7719
7068
8252
6789
8128
8936
7040
7836
7246
8893
7700
7246
9176
9192
6744
8917
8511
8057
8059
7577
7040
6730
7309
6732
8905
9018
7320
8240
9335
6877
7378
7797
7966
6783
8811
9308
6863
7323
8844
8108
7297
8789
6775
6796
8130
6773
9310
7752
9076
9149
6761
7407
8151
7553
7182
8201
8585
7918
8489
7497
6885
8378
8566
8116
6850
8705
6828
7091
7626
8993
7243
8792
7618
8216
9390
7608
8472
8025
9118
8160
8813
7117
7292
8248
6824
9636
7901
8887
7961
7363
7223
7226
8187
7368
8254
8716
8846
8985
9296
8179
8184
9394
7983
8199
8180
7938
9096
7096
7431
7827
8224
9034
6904
7232
7610
7573
7541
7535
8817
6832
8024
7449
8946
8957
8114
7174
8023
8967
7403
8600
9185
6844
8156
8796
8832
8305
8348
9150
8877
9237
8207
8718
7300
7301
6847
7958
7985
9404
6862
8145
9241
9501
7193
8201
6862
6930
7282
8247
8875
7580
9253
8475
9262
9431
6965
8926
7200
7745
9340
6898
6913
7575
9045
7346
8537
8829
7470
7781
8519
7612
7628
7655
9058
9138
6898
6913
7912
8899
9257
7934
8897
6909
7693
7838
9274
6985
7232
8885
6919
8296
7630
9013
8286
8841
7583
9300
9422
8074
9269
7371
9019
9339
7523
7705
7556
7766
7553
9521
6920
7428
8366
9064
8562
7108
7586
8187
8025
9367
8909
9147
8383
6962
8154
9005
7088
7690
6937
8230
6939
6940
7600
8953
7259
8606
7050
8586
8707
9171
7957
7968
8858
7018
7235
8931
6952
9627
7225
8286
8163
8272
9254
8377
8008
9314
9535
8272
7520
8729
9474
8843
8820
9549
9062
8437
7977
6976
8225
7525
8586
9171
7692
8018
7276
9617
8437
8451
8079
7018
7555
8084
7647
8170
9058
7994
9178
8809
6993
8457
7880
7062
7434
8473
7007
7869
7955
8462
7804
7778
7785
7013
9488
7789
7845
7101
7814
8043
9310
8584
7023
7351
8221
8523
7026
7386
9525
9251
9592
8504
7033
7722
8367
9213
7714
9343
8707
7045
8432
8950
8965
9023
9506
8314
7916
7057
9171
8434
8485
7670
7672
7061
7154
7075
7522
7830
8524
7212
7074
7348
7887
7426
7463
7152
7798
7078
9492
7108
7697
8336
8060
8945
9578
8380
7348
9337
7634
7210
8560
8723
7102
8850
9055
9252
9382
7220
8053
8155
7108
7372
9301
9302
7120
7953
7480
8051
8509
9396
7129
7768
8351
9261
7130
7283
8734
8251
9493
9634
7938
7137
8014
9461
7140
8032
9435
7845
9180
9096
9102
7520
7525
7155
8311
9513
8449
9429
8011
9165
9229
7500
7992
8318
9039
7234
7268
8876
8148
9283
9024
7455
7599
8398
8212
7644
8040
8109
8812
7180
7557
7762
8688
8873
8955
7790
8684
8175
8006
9238
7347
9249
7198
7265
7510
8441
7201
7202
7517
7662
8029
8038
9342
7693
7208
7211
7992
7652
8861
7486
7500
8611
7334
8431
8613
8435
7227
9262
9558
7242
9554
9474
9558
9247
9264
7285
8564
7227
9001
8126
8308
7951
8848
7234
7786
7244
9012
8639
8290
7637
9580
7655
8734
7249
7248
7249
8881
8893
7415
7261
8196
7447
8660
8353
7449
8714
8369
7482
7350
7425
7442
9351
7814
7822
7277
8451
8960
8724
9038
7735
7762
9224
7291
8724
8289
7281
8531
8534
7384
9331
7298
8608
9608
7456
7973
9452
9393
8042
9090
9431
9372
8295
8888
7398
8888
8799
7297
9065
9068
9165
9229
8921
7440
9142
8522
9035
9067
7309
9035
7728
7559
8591
9389
8974
8360
8757
8943
9389
7471
8550
9335
7496
8981
7327
8193
8983
9440
8158
7339
7981
8194
7344
7748
7468
9090
8760
9195
7344
7580
9296
7620
8537
8524
7755
7365
8955
9187
7361
7370
7360
8565
7707
8280
8988
8001
7701
8349
7435
7439
7925
9509
8765
9377
7419
7398
9127
8614
7504
8231
7908
7380
7515
7394
7408
8284
7796
7834
7481
8954
9490
8359
7558
7563
8940
8892
8988
8472
9365
7399
7845
7844
8889
8962
9366
7498
8592
8599
8600
9185
9001
9362
9366
7417
7752
9060
7536
9569
9133
9132
7999
8858
8984
7422
8907
9368
9441
7431
7661
8066
8369
8442
8060
7945
7470
8357
8457
7440
8666
8000
9548
8240
8797
8811
7440
7451
8778
8687
9357
9549
9280
8692
7450
8735
7453
7752
7890
9206
8378
8566
7620
9124
9104
8499
7477
8505
8624
7490
7467
8742
9126
9052
9098
9386
9520
8452
8636
9125
7897
7570
8840
8521
8653
9595
7491
7549
9574
8397
8401
9112
9088
7966
9289
9323
7776
7504
7764
9070
8759
7780
8965
7505
8231
8801
9486
9562
7512
7521
7584
8982
7694
8603
7514
8853
8211
7529
8118
7774
7868
8516
7706
7533
9490
8603
7525
8603
7666
7857
7820
8236
8612
9086
8932
7612
9629
7542
8996
9003
8946
8957
7540
7949
7570
7544
7546
9066
9113
8923
7855
8817
9473
7564
8326
8501
7581
9569
8118
8929
9526
8688
7911
7561
7932
8591
7566
8704
9287
7675
7742
8266
8705
8765
9377
7580
9408
9409
9490
8255
8448
8606
7576
7640
8273
8387
8520
8463
7582
8717
8650
8800
9105
8616
8468
9383
8442
8994
7604
9107
7754
8225
7656
8981
8922
7600
7966
8323
7604
8135
7619
8953
8483
7613
9034
7623
8070
7614
9463
8855
9555
9075
7863
7782
9448
7815
9352
7629
8652
8189
9360
9523
7647
9547
7827
7788
9545
8233
9557
8015
8693
8013
8132
8661
9072
8006
8091
8659
9488
8766
9511
8780
8782
8697
8636
7817
8918
7667
8865
7671
8798
9411
9551
7812
9562
9208
8386
8977
7686
9624
8584
8385
7729
8918
9201
7982
9571
9467
7784
7724
8798
8569
7976
7712
9191
7867
7891
7716
7790
7844
8889
7846
7835
7881
8887
7717
9512
8423
8892
9169
7724
8994
9155
7730
9099
8033
7949
8360
7732
9113
8329
8396
9467
9537
7737
8577
8904
9174
9249
7762
8341
8894
7755
8021
9144
7758
8107
7857
8081
8107
8894
8081
7762
9041
7805
9551
8949
8561
7894
7898
7919
9274
7865
8981
7906
7779
7929
7926
8181
8770
7875
7817
7929
9038
7906
8014
9458
7808
7795
8847
7912
8520
7803
7806
9495
9625
7805
9591
7922
7808
7809
7954
9585
8756
8765
7840
9414
7820
7826
8493
7989
8484
9100
8635
9387
9388
9577
9582
9272
7843
9470
9180
7847
7849
7851
7850
8439
8826
7851
8625
9629
9626
7860
9093
9534
8299
8162
8814
8446
8982
7872
9615
7937
7877
7881
8702
7986
7891
7901
8675
8089
7883
7887
8051
8561
9131
8771
9202
7893
7904
9053
9234
8464
8465
7899
7910
7904
8676
7914
7920
8471
9598
8956
9535
9179
8305
7919
8026
8130
8287
9218
7920
9435
9634
9551
7930
7928
9405
8768
9625
9011
7934
8167
8948
7988
9541
8306
8973
8338
8510
8648
7948
8854
8640
9529
7954
8140
7974
7987
8752
7963
8652
8241
8896
9488
9524
8193
8222
7970
8484
9566
8193
9471
9594
9244
8072
9566
8091
8384
8069
8139
8970
8025
8868
8004
8027
9126
9233
8489
9043
9583
9091
8783
8409
8949
9391
8517
8093
9507
8741
9091
8882
8866
8234
8258
9425
9613
8310
9353
8773
9266
8669
9594
9097
8052
8869
8291
9584
9046
8303
8152
8511
8876
8303
8089
9492
8527
9606
8458
8570
8075
8088
8096
9330
8799
8095
9248
8107
8762
8383
8096
8575
8099
8671
9241
8664
8668
8125
8138
8099
9231
9335
8238
9038
8393
8425
8571
9225
8808
8710
9006
8137
8149
9501
8645
9101
9131
8137
8409
8137
8149
9453
9079
8415
8144
8819
8987
9559
8773
8456
8902
8668
8168
8736
8156
9462
8156
9192
8643
9244
8825
8345
8163
9309
8173
8174
9472
8942
9241
8335
9354
8182
8202
9502
8189
9006
8191
8673
9136
9303
8202
8637
9131
9054
8677
9051
8368
8989
9129
9394
8924
8844
8730
8753
8229
8270
8213
8215
8218
8853
8224
9337
8515
8278
8858
8301
8225
8236
8328
8315
8582
9618
9055
8236
8718
8620
9020
8810
8243
8924
9281
9291
8295
8260
8251
8405
9054
8594
8440
8262
8892
8939
9096
9087
8474
8346
8277
8281
9033
8274
8277
8557
8282
8856
8757
8325
9011
9271
9345
8830
9029
8588
8680
8307
8301
8469
8356
8723
8453
9152
8576
8345
8333
9353
8447
8706
8698
8459
8329
8388
8507
9312
8329
9491
8331
8391
9094
8333
8563
8758
8340
8354
8344
9341
8771
8433
9294
9386
9278
8360
9190
8849
8368
9555
8366
8418
9064
8371
8379
8376
8398
8384
9045
8528
9045
9065
9067
8421
9081
9491
9137
8525
9060
8729
8414
9311
9567
8681
9062
9194
9347
9183
8442
8720
9280
9466
9465
8740
8743
8424
8425
9145
8648
8496
8644
8670
9291
8634
8490
9069
8754
9082
8926
8444
9552
8460
9190
8456
8460
9170
8469
8484
8736
8735
8963
8968
9172
8653
9067
8471
9143
9162
8788
9210
8482
9523
9057
8496
8535
9516
8658
8504
8502
9103
9104
8541
9415
8518
8692
9313
8536
8990
8543
8537
8822
8537
9294
9166
9297
8544
9305
8605
8558
8683
8568
8555
8646
9358
8557
8585
8583
8829
9124
9043
9145
9320
8904
8737
9497
9629
9318
8580
8580
8737
9497
8585
8588
8595
8595
8633
8595
8602
9366
9368
8602
9214
8972
9571
9070
8653
9444
8921
8928
8792
8701
9403
8629
8632
8637
9094
8819
8847
8645
9369
9264
9250
8651
8827
8831
8655
9267
9268
8827
8700
8746
9369
9225
8671
9566
8950
8678
9113
8676
9637
8874
9111
9075
8694
8790
9574
8833
9452
9566
9362
9605
8704
9170
8752
9446
9068
9457
9009
8957
8728
8728
9399
8730
8738
8989
9584
9438
9098
8754
8750
9448
8871
8767
8765
9173
9189
8973
9301
9304
8812
8946
8780
9017
9016
8916
8915
8799
8833
9282
8791
8805
8878
9419
9266
8838
8807
9346
8837
8873
8995
8823
8990
8825
9219
8870
8986
8838
9231
9310
9553
8855
8852
9383
8867
9095
8867
8937
9356
9190
8899
9260
9243
9212
8898
8944
9203
9203
9224
8908
8910
9514
8914
8917
8913
9144
9508
8934
8934
8936
9016
9024
9527
9105
8936
9169
9621
8991
8963
8951
8962
9000
9318
9508
9569
9472
9530
9441
9569
9530
8975
9438
9234
9179
9268
9608
9384
9008
9053
9015
9221
9300
9522
9339
9395
9544
9204
9538
9320
9269
9355
9047
9423
9044
9300
9049
9050
9305
9083
9073
9207
9355
9071
9081
9202
9240
9281
9500
9473
9108
9102
9593
9125
9536
9153
9107
9305
9195
9416
9117
9119
9133
9176
9288
9143
9533
9128
9132
9139
9396
9306
9439
9442
9358
9525
9274
9171
9188
9181
9210
9192
9192
9189
9217
9200
9416
9195
9209
9447
9390
9201
9447
9450
9236
9557
9211
9215
9283
9251
9255
9631
9460
9413
9258
9500
9316
9467
9443
9382
9273
9557
9271
9298
9284
9275
9278
9424
9298
9304
9341
9341
9473
9317
9570
9579
9322
9407
9410
9634
9354
9533
9379
9424
9376
9427
9487
9568
9577
9379
9436
9468
9478
9402
9521
9456
9415
9600
9447
9608
9429
9430
9474
9558
9469
9556
9444
9468
9458
9461
9501
9528
9623
9580
9483
9486
9532
9625
9495
9549
9542
9514
9517
9628
9541
9545
9600
9589
9596
9628
9635
9619
9622
9637
)


// ************************************************************************* //
