# Patch: inlet
62
(
(-0.0206 0 -0.0005)
(-0.0206 0 0.0005)
(-0.0206 0.000318841 0.0005)
(-0.0206 0.000318841 -0.0005)
(-0.0206 0.000660565 0.0005)
(-0.0206 0.000660565 -0.0005)
(-0.0206 0.00102682 0.0005)
(-0.0206 0.00102682 -0.0005)
(-0.0206 0.00141936 0.0005)
(-0.0206 0.00141936 -0.0005)
(-0.0206 0.00184007 0.0005)
(-0.0206 0.00184007 -0.0005)
(-0.0206 0.00229098 0.0005)
(-0.0206 0.00229098 -0.0005)
(-0.0206 0.00277425 0.0005)
(-0.0206 0.00277425 -0.0005)
(-0.0206 0.00329221 0.0005)
(-0.0206 0.00329221 -0.0005)
(-0.0206 0.00384734 0.0005)
(-0.0206 0.00384734 -0.0005)
(-0.0206 0.00444232 0.0005)
(-0.0206 0.00444232 -0.0005)
(-0.0206 0.00508 0.0005)
(-0.0206 0.00508 -0.0005)
(-0.0206 0.00565408 0.0005)
(-0.0206 0.00565408 -0.0005)
(-0.0206 0.0063539 0.0005)
(-0.0206 0.0063539 -0.0005)
(-0.0206 0.00720698 0.0005)
(-0.0206 0.00720698 -0.0005)
(-0.0206 0.00824691 0.0005)
(-0.0206 0.00824691 -0.0005)
(-0.0206 0.00951458 0.0005)
(-0.0206 0.00951458 -0.0005)
(-0.0206 0.0110599 0.0005)
(-0.0206 0.0110599 -0.0005)
(-0.0206 0.0129437 0.0005)
(-0.0206 0.0129437 -0.0005)
(-0.0206 0.01524 0.0005)
(-0.0206 0.01524 -0.0005)
(-0.0206 0.0169211 0.0005)
(-0.0206 0.0169211 -0.0005)
(-0.0206 0.0183845 0.0005)
(-0.0206 0.0183845 -0.0005)
(-0.0206 0.0196585 0.0005)
(-0.0206 0.0196585 -0.0005)
(-0.0206 0.0207676 0.0005)
(-0.0206 0.0207676 -0.0005)
(-0.0206 0.0217332 0.0005)
(-0.0206 0.0217332 -0.0005)
(-0.0206 0.0225737 0.0005)
(-0.0206 0.0225737 -0.0005)
(-0.0206 0.0233054 0.0005)
(-0.0206 0.0233054 -0.0005)
(-0.0206 0.0239424 0.0005)
(-0.0206 0.0239424 -0.0005)
(-0.0206 0.024497 0.0005)
(-0.0206 0.024497 -0.0005)
(-0.0206 0.0249797 0.0005)
(-0.0206 0.0249797 -0.0005)
(-0.0206 0.0254 0.0005)
(-0.0206 0.0254 -0.0005)
)

